2592
0.05 0.05 0.05
0.05 0.05 0.1
0.05 0.05 0.15000000000000002
0.05 0.05 0.2
0.05 0.05 0.25
0.05 0.05 0.3
0.05 0.05 0.35000000000000003
0.05 0.05 0.4
0.05 0.05 0.45
0.05 0.05 0.5
0.05 0.05 0.55
0.05 0.05 0.6000000000000001
0.05 0.05 0.6500000000000001
0.05 0.05 0.7000000000000001
0.05 0.05 0.7500000000000001
0.05 0.05 0.8
0.05 0.05 0.8500000000000001
0.05 0.05 0.9000000000000001
0.1 0.05 0.05
0.1 0.05 0.1
0.1 0.05 0.15000000000000002
0.1 0.05 0.2
0.1 0.05 0.25
0.1 0.05 0.3
0.1 0.05 0.35000000000000003
0.1 0.05 0.4
0.1 0.05 0.45
0.1 0.05 0.5
0.1 0.05 0.55
0.1 0.05 0.6000000000000001
0.1 0.05 0.6500000000000001
0.1 0.05 0.7000000000000001
0.1 0.05 0.7500000000000001
0.1 0.05 0.8
0.1 0.05 0.8500000000000001
0.1 0.05 0.9000000000000001
0.15000000000000002 0.05 0.05
0.15000000000000002 0.05 0.1
0.15000000000000002 0.05 0.15000000000000002
0.15000000000000002 0.05 0.2
0.15000000000000002 0.05 0.25
0.15000000000000002 0.05 0.3
0.15000000000000002 0.05 0.35000000000000003
0.15000000000000002 0.05 0.4
0.15000000000000002 0.05 0.45
0.15000000000000002 0.05 0.5
0.15000000000000002 0.05 0.55
0.15000000000000002 0.05 0.6000000000000001
0.15000000000000002 0.05 0.6500000000000001
0.15000000000000002 0.05 0.7000000000000001
0.15000000000000002 0.05 0.7500000000000001
0.15000000000000002 0.05 0.8
0.15000000000000002 0.05 0.8500000000000001
0.15000000000000002 0.05 0.9000000000000001
0.2 0.05 0.05
0.2 0.05 0.1
0.2 0.05 0.15000000000000002
0.2 0.05 0.2
0.2 0.05 0.25
0.2 0.05 0.3
0.2 0.05 0.35000000000000003
0.2 0.05 0.4
0.2 0.05 0.45
0.2 0.05 0.5
0.2 0.05 0.55
0.2 0.05 0.6000000000000001
0.2 0.05 0.6500000000000001
0.2 0.05 0.7000000000000001
0.2 0.05 0.7500000000000001
0.2 0.05 0.8
0.2 0.05 0.8500000000000001
0.2 0.05 0.9000000000000001
0.25 0.05 0.05
0.25 0.05 0.1
0.25 0.05 0.15000000000000002
0.25 0.05 0.2
0.25 0.05 0.25
0.25 0.05 0.3
0.25 0.05 0.35000000000000003
0.25 0.05 0.4
0.25 0.05 0.45
0.25 0.05 0.5
0.25 0.05 0.55
0.25 0.05 0.6000000000000001
0.25 0.05 0.6500000000000001
0.25 0.05 0.7000000000000001
0.25 0.05 0.7500000000000001
0.25 0.05 0.8
0.25 0.05 0.8500000000000001
0.25 0.05 0.9000000000000001
0.3 0.05 0.05
0.3 0.05 0.1
0.3 0.05 0.15000000000000002
0.3 0.05 0.2
0.3 0.05 0.25
0.3 0.05 0.3
0.3 0.05 0.35000000000000003
0.3 0.05 0.4
0.3 0.05 0.45
0.3 0.05 0.5
0.3 0.05 0.55
0.3 0.05 0.6000000000000001
0.3 0.05 0.6500000000000001
0.3 0.05 0.7000000000000001
0.3 0.05 0.7500000000000001
0.3 0.05 0.8
0.3 0.05 0.8500000000000001
0.3 0.05 0.9000000000000001
0.35000000000000003 0.05 0.05
0.35000000000000003 0.05 0.1
0.35000000000000003 0.05 0.15000000000000002
0.35000000000000003 0.05 0.2
0.35000000000000003 0.05 0.25
0.35000000000000003 0.05 0.3
0.35000000000000003 0.05 0.35000000000000003
0.35000000000000003 0.05 0.4
0.35000000000000003 0.05 0.45
0.35000000000000003 0.05 0.5
0.35000000000000003 0.05 0.55
0.35000000000000003 0.05 0.6000000000000001
0.35000000000000003 0.05 0.6500000000000001
0.35000000000000003 0.05 0.7000000000000001
0.35000000000000003 0.05 0.7500000000000001
0.35000000000000003 0.05 0.8
0.35000000000000003 0.05 0.8500000000000001
0.35000000000000003 0.05 0.9000000000000001
0.4 0.05 0.05
0.4 0.05 0.1
0.4 0.05 0.15000000000000002
0.4 0.05 0.2
0.4 0.05 0.25
0.4 0.05 0.3
0.4 0.05 0.35000000000000003
0.4 0.05 0.4
0.4 0.05 0.45
0.4 0.05 0.5
0.4 0.05 0.55
0.4 0.05 0.6000000000000001
0.4 0.05 0.6500000000000001
0.4 0.05 0.7000000000000001
0.4 0.05 0.7500000000000001
0.4 0.05 0.8
0.4 0.05 0.8500000000000001
0.4 0.05 0.9000000000000001
0.05 0.1 0.05
0.05 0.1 0.1
0.05 0.1 0.15000000000000002
0.05 0.1 0.2
0.05 0.1 0.25
0.05 0.1 0.3
0.05 0.1 0.35000000000000003
0.05 0.1 0.4
0.05 0.1 0.45
0.05 0.1 0.5
0.05 0.1 0.55
0.05 0.1 0.6000000000000001
0.05 0.1 0.6500000000000001
0.05 0.1 0.7000000000000001
0.05 0.1 0.7500000000000001
0.05 0.1 0.8
0.05 0.1 0.8500000000000001
0.05 0.1 0.9000000000000001
0.1 0.1 0.05
0.1 0.1 0.1
0.1 0.1 0.15000000000000002
0.1 0.1 0.2
0.1 0.1 0.25
0.1 0.1 0.3
0.1 0.1 0.35000000000000003
0.1 0.1 0.4
0.1 0.1 0.45
0.1 0.1 0.5
0.1 0.1 0.55
0.1 0.1 0.6000000000000001
0.1 0.1 0.6500000000000001
0.1 0.1 0.7000000000000001
0.1 0.1 0.7500000000000001
0.1 0.1 0.8
0.1 0.1 0.8500000000000001
0.1 0.1 0.9000000000000001
0.15000000000000002 0.1 0.05
0.15000000000000002 0.1 0.1
0.15000000000000002 0.1 0.15000000000000002
0.15000000000000002 0.1 0.2
0.15000000000000002 0.1 0.25
0.15000000000000002 0.1 0.3
0.15000000000000002 0.1 0.35000000000000003
0.15000000000000002 0.1 0.4
0.15000000000000002 0.1 0.45
0.15000000000000002 0.1 0.5
0.15000000000000002 0.1 0.55
0.15000000000000002 0.1 0.6000000000000001
0.15000000000000002 0.1 0.6500000000000001
0.15000000000000002 0.1 0.7000000000000001
0.15000000000000002 0.1 0.7500000000000001
0.15000000000000002 0.1 0.8
0.15000000000000002 0.1 0.8500000000000001
0.15000000000000002 0.1 0.9000000000000001
0.2 0.1 0.05
0.2 0.1 0.1
0.2 0.1 0.15000000000000002
0.2 0.1 0.2
0.2 0.1 0.25
0.2 0.1 0.3
0.2 0.1 0.35000000000000003
0.2 0.1 0.4
0.2 0.1 0.45
0.2 0.1 0.5
0.2 0.1 0.55
0.2 0.1 0.6000000000000001
0.2 0.1 0.6500000000000001
0.2 0.1 0.7000000000000001
0.2 0.1 0.7500000000000001
0.2 0.1 0.8
0.2 0.1 0.8500000000000001
0.2 0.1 0.9000000000000001
0.25 0.1 0.05
0.25 0.1 0.1
0.25 0.1 0.15000000000000002
0.25 0.1 0.2
0.25 0.1 0.25
0.25 0.1 0.3
0.25 0.1 0.35000000000000003
0.25 0.1 0.4
0.25 0.1 0.45
0.25 0.1 0.5
0.25 0.1 0.55
0.25 0.1 0.6000000000000001
0.25 0.1 0.6500000000000001
0.25 0.1 0.7000000000000001
0.25 0.1 0.7500000000000001
0.25 0.1 0.8
0.25 0.1 0.8500000000000001
0.25 0.1 0.9000000000000001
0.3 0.1 0.05
0.3 0.1 0.1
0.3 0.1 0.15000000000000002
0.3 0.1 0.2
0.3 0.1 0.25
0.3 0.1 0.3
0.3 0.1 0.35000000000000003
0.3 0.1 0.4
0.3 0.1 0.45
0.3 0.1 0.5
0.3 0.1 0.55
0.3 0.1 0.6000000000000001
0.3 0.1 0.6500000000000001
0.3 0.1 0.7000000000000001
0.3 0.1 0.7500000000000001
0.3 0.1 0.8
0.3 0.1 0.8500000000000001
0.3 0.1 0.9000000000000001
0.35000000000000003 0.1 0.05
0.35000000000000003 0.1 0.1
0.35000000000000003 0.1 0.15000000000000002
0.35000000000000003 0.1 0.2
0.35000000000000003 0.1 0.25
0.35000000000000003 0.1 0.3
0.35000000000000003 0.1 0.35000000000000003
0.35000000000000003 0.1 0.4
0.35000000000000003 0.1 0.45
0.35000000000000003 0.1 0.5
0.35000000000000003 0.1 0.55
0.35000000000000003 0.1 0.6000000000000001
0.35000000000000003 0.1 0.6500000000000001
0.35000000000000003 0.1 0.7000000000000001
0.35000000000000003 0.1 0.7500000000000001
0.35000000000000003 0.1 0.8
0.35000000000000003 0.1 0.8500000000000001
0.35000000000000003 0.1 0.9000000000000001
0.4 0.1 0.05
0.4 0.1 0.1
0.4 0.1 0.15000000000000002
0.4 0.1 0.2
0.4 0.1 0.25
0.4 0.1 0.3
0.4 0.1 0.35000000000000003
0.4 0.1 0.4
0.4 0.1 0.45
0.4 0.1 0.5
0.4 0.1 0.55
0.4 0.1 0.6000000000000001
0.4 0.1 0.6500000000000001
0.4 0.1 0.7000000000000001
0.4 0.1 0.7500000000000001
0.4 0.1 0.8
0.4 0.1 0.8500000000000001
0.4 0.1 0.9000000000000001
0.05 0.15000000000000002 0.05
0.05 0.15000000000000002 0.1
0.05 0.15000000000000002 0.15000000000000002
0.05 0.15000000000000002 0.2
0.05 0.15000000000000002 0.25
0.05 0.15000000000000002 0.3
0.05 0.15000000000000002 0.35000000000000003
0.05 0.15000000000000002 0.4
0.05 0.15000000000000002 0.45
0.05 0.15000000000000002 0.5
0.05 0.15000000000000002 0.55
0.05 0.15000000000000002 0.6000000000000001
0.05 0.15000000000000002 0.6500000000000001
0.05 0.15000000000000002 0.7000000000000001
0.05 0.15000000000000002 0.7500000000000001
0.05 0.15000000000000002 0.8
0.05 0.15000000000000002 0.8500000000000001
0.05 0.15000000000000002 0.9000000000000001
0.1 0.15000000000000002 0.05
0.1 0.15000000000000002 0.1
0.1 0.15000000000000002 0.15000000000000002
0.1 0.15000000000000002 0.2
0.1 0.15000000000000002 0.25
0.1 0.15000000000000002 0.3
0.1 0.15000000000000002 0.35000000000000003
0.1 0.15000000000000002 0.4
0.1 0.15000000000000002 0.45
0.1 0.15000000000000002 0.5
0.1 0.15000000000000002 0.55
0.1 0.15000000000000002 0.6000000000000001
0.1 0.15000000000000002 0.6500000000000001
0.1 0.15000000000000002 0.7000000000000001
0.1 0.15000000000000002 0.7500000000000001
0.1 0.15000000000000002 0.8
0.1 0.15000000000000002 0.8500000000000001
0.1 0.15000000000000002 0.9000000000000001
0.15000000000000002 0.15000000000000002 0.05
0.15000000000000002 0.15000000000000002 0.1
0.15000000000000002 0.15000000000000002 0.15000000000000002
0.15000000000000002 0.15000000000000002 0.2
0.15000000000000002 0.15000000000000002 0.25
0.15000000000000002 0.15000000000000002 0.3
0.15000000000000002 0.15000000000000002 0.35000000000000003
0.15000000000000002 0.15000000000000002 0.4
0.15000000000000002 0.15000000000000002 0.45
0.15000000000000002 0.15000000000000002 0.5
0.15000000000000002 0.15000000000000002 0.55
0.15000000000000002 0.15000000000000002 0.6000000000000001
0.15000000000000002 0.15000000000000002 0.6500000000000001
0.15000000000000002 0.15000000000000002 0.7000000000000001
0.15000000000000002 0.15000000000000002 0.7500000000000001
0.15000000000000002 0.15000000000000002 0.8
0.15000000000000002 0.15000000000000002 0.8500000000000001
0.15000000000000002 0.15000000000000002 0.9000000000000001
0.2 0.15000000000000002 0.05
0.2 0.15000000000000002 0.1
0.2 0.15000000000000002 0.15000000000000002
0.2 0.15000000000000002 0.2
0.2 0.15000000000000002 0.25
0.2 0.15000000000000002 0.3
0.2 0.15000000000000002 0.35000000000000003
0.2 0.15000000000000002 0.4
0.2 0.15000000000000002 0.45
0.2 0.15000000000000002 0.5
0.2 0.15000000000000002 0.55
0.2 0.15000000000000002 0.6000000000000001
0.2 0.15000000000000002 0.6500000000000001
0.2 0.15000000000000002 0.7000000000000001
0.2 0.15000000000000002 0.7500000000000001
0.2 0.15000000000000002 0.8
0.2 0.15000000000000002 0.8500000000000001
0.2 0.15000000000000002 0.9000000000000001
0.25 0.15000000000000002 0.05
0.25 0.15000000000000002 0.1
0.25 0.15000000000000002 0.15000000000000002
0.25 0.15000000000000002 0.2
0.25 0.15000000000000002 0.25
0.25 0.15000000000000002 0.3
0.25 0.15000000000000002 0.35000000000000003
0.25 0.15000000000000002 0.4
0.25 0.15000000000000002 0.45
0.25 0.15000000000000002 0.5
0.25 0.15000000000000002 0.55
0.25 0.15000000000000002 0.6000000000000001
0.25 0.15000000000000002 0.6500000000000001
0.25 0.15000000000000002 0.7000000000000001
0.25 0.15000000000000002 0.7500000000000001
0.25 0.15000000000000002 0.8
0.25 0.15000000000000002 0.8500000000000001
0.25 0.15000000000000002 0.9000000000000001
0.3 0.15000000000000002 0.05
0.3 0.15000000000000002 0.1
0.3 0.15000000000000002 0.15000000000000002
0.3 0.15000000000000002 0.2
0.3 0.15000000000000002 0.25
0.3 0.15000000000000002 0.3
0.3 0.15000000000000002 0.35000000000000003
0.3 0.15000000000000002 0.4
0.3 0.15000000000000002 0.45
0.3 0.15000000000000002 0.5
0.3 0.15000000000000002 0.55
0.3 0.15000000000000002 0.6000000000000001
0.3 0.15000000000000002 0.6500000000000001
0.3 0.15000000000000002 0.7000000000000001
0.3 0.15000000000000002 0.7500000000000001
0.3 0.15000000000000002 0.8
0.3 0.15000000000000002 0.8500000000000001
0.3 0.15000000000000002 0.9000000000000001
0.35000000000000003 0.15000000000000002 0.05
0.35000000000000003 0.15000000000000002 0.1
0.35000000000000003 0.15000000000000002 0.15000000000000002
0.35000000000000003 0.15000000000000002 0.2
0.35000000000000003 0.15000000000000002 0.25
0.35000000000000003 0.15000000000000002 0.3
0.35000000000000003 0.15000000000000002 0.35000000000000003
0.35000000000000003 0.15000000000000002 0.4
0.35000000000000003 0.15000000000000002 0.45
0.35000000000000003 0.15000000000000002 0.5
0.35000000000000003 0.15000000000000002 0.55
0.35000000000000003 0.15000000000000002 0.6000000000000001
0.35000000000000003 0.15000000000000002 0.6500000000000001
0.35000000000000003 0.15000000000000002 0.7000000000000001
0.35000000000000003 0.15000000000000002 0.7500000000000001
0.35000000000000003 0.15000000000000002 0.8
0.35000000000000003 0.15000000000000002 0.8500000000000001
0.35000000000000003 0.15000000000000002 0.9000000000000001
0.4 0.15000000000000002 0.05
0.4 0.15000000000000002 0.1
0.4 0.15000000000000002 0.15000000000000002
0.4 0.15000000000000002 0.2
0.4 0.15000000000000002 0.25
0.4 0.15000000000000002 0.3
0.4 0.15000000000000002 0.35000000000000003
0.4 0.15000000000000002 0.4
0.4 0.15000000000000002 0.45
0.4 0.15000000000000002 0.5
0.4 0.15000000000000002 0.55
0.4 0.15000000000000002 0.6000000000000001
0.4 0.15000000000000002 0.6500000000000001
0.4 0.15000000000000002 0.7000000000000001
0.4 0.15000000000000002 0.7500000000000001
0.4 0.15000000000000002 0.8
0.4 0.15000000000000002 0.8500000000000001
0.4 0.15000000000000002 0.9000000000000001
0.05 0.2 0.05
0.05 0.2 0.1
0.05 0.2 0.15000000000000002
0.05 0.2 0.2
0.05 0.2 0.25
0.05 0.2 0.3
0.05 0.2 0.35000000000000003
0.05 0.2 0.4
0.05 0.2 0.45
0.05 0.2 0.5
0.05 0.2 0.55
0.05 0.2 0.6000000000000001
0.05 0.2 0.6500000000000001
0.05 0.2 0.7000000000000001
0.05 0.2 0.7500000000000001
0.05 0.2 0.8
0.05 0.2 0.8500000000000001
0.05 0.2 0.9000000000000001
0.1 0.2 0.05
0.1 0.2 0.1
0.1 0.2 0.15000000000000002
0.1 0.2 0.2
0.1 0.2 0.25
0.1 0.2 0.3
0.1 0.2 0.35000000000000003
0.1 0.2 0.4
0.1 0.2 0.45
0.1 0.2 0.5
0.1 0.2 0.55
0.1 0.2 0.6000000000000001
0.1 0.2 0.6500000000000001
0.1 0.2 0.7000000000000001
0.1 0.2 0.7500000000000001
0.1 0.2 0.8
0.1 0.2 0.8500000000000001
0.1 0.2 0.9000000000000001
0.15000000000000002 0.2 0.05
0.15000000000000002 0.2 0.1
0.15000000000000002 0.2 0.15000000000000002
0.15000000000000002 0.2 0.2
0.15000000000000002 0.2 0.25
0.15000000000000002 0.2 0.3
0.15000000000000002 0.2 0.35000000000000003
0.15000000000000002 0.2 0.4
0.15000000000000002 0.2 0.45
0.15000000000000002 0.2 0.5
0.15000000000000002 0.2 0.55
0.15000000000000002 0.2 0.6000000000000001
0.15000000000000002 0.2 0.6500000000000001
0.15000000000000002 0.2 0.7000000000000001
0.15000000000000002 0.2 0.7500000000000001
0.15000000000000002 0.2 0.8
0.15000000000000002 0.2 0.8500000000000001
0.15000000000000002 0.2 0.9000000000000001
0.2 0.2 0.05
0.2 0.2 0.1
0.2 0.2 0.15000000000000002
0.2 0.2 0.2
0.2 0.2 0.25
0.2 0.2 0.3
0.2 0.2 0.35000000000000003
0.2 0.2 0.4
0.2 0.2 0.45
0.2 0.2 0.5
0.2 0.2 0.55
0.2 0.2 0.6000000000000001
0.2 0.2 0.6500000000000001
0.2 0.2 0.7000000000000001
0.2 0.2 0.7500000000000001
0.2 0.2 0.8
0.2 0.2 0.8500000000000001
0.2 0.2 0.9000000000000001
0.25 0.2 0.05
0.25 0.2 0.1
0.25 0.2 0.15000000000000002
0.25 0.2 0.2
0.25 0.2 0.25
0.25 0.2 0.3
0.25 0.2 0.35000000000000003
0.25 0.2 0.4
0.25 0.2 0.45
0.25 0.2 0.5
0.25 0.2 0.55
0.25 0.2 0.6000000000000001
0.25 0.2 0.6500000000000001
0.25 0.2 0.7000000000000001
0.25 0.2 0.7500000000000001
0.25 0.2 0.8
0.25 0.2 0.8500000000000001
0.25 0.2 0.9000000000000001
0.3 0.2 0.05
0.3 0.2 0.1
0.3 0.2 0.15000000000000002
0.3 0.2 0.2
0.3 0.2 0.25
0.3 0.2 0.3
0.3 0.2 0.35000000000000003
0.3 0.2 0.4
0.3 0.2 0.45
0.3 0.2 0.5
0.3 0.2 0.55
0.3 0.2 0.6000000000000001
0.3 0.2 0.6500000000000001
0.3 0.2 0.7000000000000001
0.3 0.2 0.7500000000000001
0.3 0.2 0.8
0.3 0.2 0.8500000000000001
0.3 0.2 0.9000000000000001
0.35000000000000003 0.2 0.05
0.35000000000000003 0.2 0.1
0.35000000000000003 0.2 0.15000000000000002
0.35000000000000003 0.2 0.2
0.35000000000000003 0.2 0.25
0.35000000000000003 0.2 0.3
0.35000000000000003 0.2 0.35000000000000003
0.35000000000000003 0.2 0.4
0.35000000000000003 0.2 0.45
0.35000000000000003 0.2 0.5
0.35000000000000003 0.2 0.55
0.35000000000000003 0.2 0.6000000000000001
0.35000000000000003 0.2 0.6500000000000001
0.35000000000000003 0.2 0.7000000000000001
0.35000000000000003 0.2 0.7500000000000001
0.35000000000000003 0.2 0.8
0.35000000000000003 0.2 0.8500000000000001
0.35000000000000003 0.2 0.9000000000000001
0.4 0.2 0.05
0.4 0.2 0.1
0.4 0.2 0.15000000000000002
0.4 0.2 0.2
0.4 0.2 0.25
0.4 0.2 0.3
0.4 0.2 0.35000000000000003
0.4 0.2 0.4
0.4 0.2 0.45
0.4 0.2 0.5
0.4 0.2 0.55
0.4 0.2 0.6000000000000001
0.4 0.2 0.6500000000000001
0.4 0.2 0.7000000000000001
0.4 0.2 0.7500000000000001
0.4 0.2 0.8
0.4 0.2 0.8500000000000001
0.4 0.2 0.9000000000000001
0.05 0.25 0.05
0.05 0.25 0.1
0.05 0.25 0.15000000000000002
0.05 0.25 0.2
0.05 0.25 0.25
0.05 0.25 0.3
0.05 0.25 0.35000000000000003
0.05 0.25 0.4
0.05 0.25 0.45
0.05 0.25 0.5
0.05 0.25 0.55
0.05 0.25 0.6000000000000001
0.05 0.25 0.6500000000000001
0.05 0.25 0.7000000000000001
0.05 0.25 0.7500000000000001
0.05 0.25 0.8
0.05 0.25 0.8500000000000001
0.05 0.25 0.9000000000000001
0.1 0.25 0.05
0.1 0.25 0.1
0.1 0.25 0.15000000000000002
0.1 0.25 0.2
0.1 0.25 0.25
0.1 0.25 0.3
0.1 0.25 0.35000000000000003
0.1 0.25 0.4
0.1 0.25 0.45
0.1 0.25 0.5
0.1 0.25 0.55
0.1 0.25 0.6000000000000001
0.1 0.25 0.6500000000000001
0.1 0.25 0.7000000000000001
0.1 0.25 0.7500000000000001
0.1 0.25 0.8
0.1 0.25 0.8500000000000001
0.1 0.25 0.9000000000000001
0.15000000000000002 0.25 0.05
0.15000000000000002 0.25 0.1
0.15000000000000002 0.25 0.15000000000000002
0.15000000000000002 0.25 0.2
0.15000000000000002 0.25 0.25
0.15000000000000002 0.25 0.3
0.15000000000000002 0.25 0.35000000000000003
0.15000000000000002 0.25 0.4
0.15000000000000002 0.25 0.45
0.15000000000000002 0.25 0.5
0.15000000000000002 0.25 0.55
0.15000000000000002 0.25 0.6000000000000001
0.15000000000000002 0.25 0.6500000000000001
0.15000000000000002 0.25 0.7000000000000001
0.15000000000000002 0.25 0.7500000000000001
0.15000000000000002 0.25 0.8
0.15000000000000002 0.25 0.8500000000000001
0.15000000000000002 0.25 0.9000000000000001
0.2 0.25 0.05
0.2 0.25 0.1
0.2 0.25 0.15000000000000002
0.2 0.25 0.2
0.2 0.25 0.25
0.2 0.25 0.3
0.2 0.25 0.35000000000000003
0.2 0.25 0.4
0.2 0.25 0.45
0.2 0.25 0.5
0.2 0.25 0.55
0.2 0.25 0.6000000000000001
0.2 0.25 0.6500000000000001
0.2 0.25 0.7000000000000001
0.2 0.25 0.7500000000000001
0.2 0.25 0.8
0.2 0.25 0.8500000000000001
0.2 0.25 0.9000000000000001
0.25 0.25 0.05
0.25 0.25 0.1
0.25 0.25 0.15000000000000002
0.25 0.25 0.2
0.25 0.25 0.25
0.25 0.25 0.3
0.25 0.25 0.35000000000000003
0.25 0.25 0.4
0.25 0.25 0.45
0.25 0.25 0.5
0.25 0.25 0.55
0.25 0.25 0.6000000000000001
0.25 0.25 0.6500000000000001
0.25 0.25 0.7000000000000001
0.25 0.25 0.7500000000000001
0.25 0.25 0.8
0.25 0.25 0.8500000000000001
0.25 0.25 0.9000000000000001
0.3 0.25 0.05
0.3 0.25 0.1
0.3 0.25 0.15000000000000002
0.3 0.25 0.2
0.3 0.25 0.25
0.3 0.25 0.3
0.3 0.25 0.35000000000000003
0.3 0.25 0.4
0.3 0.25 0.45
0.3 0.25 0.5
0.3 0.25 0.55
0.3 0.25 0.6000000000000001
0.3 0.25 0.6500000000000001
0.3 0.25 0.7000000000000001
0.3 0.25 0.7500000000000001
0.3 0.25 0.8
0.3 0.25 0.8500000000000001
0.3 0.25 0.9000000000000001
0.35000000000000003 0.25 0.05
0.35000000000000003 0.25 0.1
0.35000000000000003 0.25 0.15000000000000002
0.35000000000000003 0.25 0.2
0.35000000000000003 0.25 0.25
0.35000000000000003 0.25 0.3
0.35000000000000003 0.25 0.35000000000000003
0.35000000000000003 0.25 0.4
0.35000000000000003 0.25 0.45
0.35000000000000003 0.25 0.5
0.35000000000000003 0.25 0.55
0.35000000000000003 0.25 0.6000000000000001
0.35000000000000003 0.25 0.6500000000000001
0.35000000000000003 0.25 0.7000000000000001
0.35000000000000003 0.25 0.7500000000000001
0.35000000000000003 0.25 0.8
0.35000000000000003 0.25 0.8500000000000001
0.35000000000000003 0.25 0.9000000000000001
0.4 0.25 0.05
0.4 0.25 0.1
0.4 0.25 0.15000000000000002
0.4 0.25 0.2
0.4 0.25 0.25
0.4 0.25 0.3
0.4 0.25 0.35000000000000003
0.4 0.25 0.4
0.4 0.25 0.45
0.4 0.25 0.5
0.4 0.25 0.55
0.4 0.25 0.6000000000000001
0.4 0.25 0.6500000000000001
0.4 0.25 0.7000000000000001
0.4 0.25 0.7500000000000001
0.4 0.25 0.8
0.4 0.25 0.8500000000000001
0.4 0.25 0.9000000000000001
0.05 0.3 0.05
0.05 0.3 0.1
0.05 0.3 0.15000000000000002
0.05 0.3 0.2
0.05 0.3 0.25
0.05 0.3 0.3
0.05 0.3 0.35000000000000003
0.05 0.3 0.4
0.05 0.3 0.45
0.05 0.3 0.5
0.05 0.3 0.55
0.05 0.3 0.6000000000000001
0.05 0.3 0.6500000000000001
0.05 0.3 0.7000000000000001
0.05 0.3 0.7500000000000001
0.05 0.3 0.8
0.05 0.3 0.8500000000000001
0.05 0.3 0.9000000000000001
0.1 0.3 0.05
0.1 0.3 0.1
0.1 0.3 0.15000000000000002
0.1 0.3 0.2
0.1 0.3 0.25
0.1 0.3 0.3
0.1 0.3 0.35000000000000003
0.1 0.3 0.4
0.1 0.3 0.45
0.1 0.3 0.5
0.1 0.3 0.55
0.1 0.3 0.6000000000000001
0.1 0.3 0.6500000000000001
0.1 0.3 0.7000000000000001
0.1 0.3 0.7500000000000001
0.1 0.3 0.8
0.1 0.3 0.8500000000000001
0.1 0.3 0.9000000000000001
0.15000000000000002 0.3 0.05
0.15000000000000002 0.3 0.1
0.15000000000000002 0.3 0.15000000000000002
0.15000000000000002 0.3 0.2
0.15000000000000002 0.3 0.25
0.15000000000000002 0.3 0.3
0.15000000000000002 0.3 0.35000000000000003
0.15000000000000002 0.3 0.4
0.15000000000000002 0.3 0.45
0.15000000000000002 0.3 0.5
0.15000000000000002 0.3 0.55
0.15000000000000002 0.3 0.6000000000000001
0.15000000000000002 0.3 0.6500000000000001
0.15000000000000002 0.3 0.7000000000000001
0.15000000000000002 0.3 0.7500000000000001
0.15000000000000002 0.3 0.8
0.15000000000000002 0.3 0.8500000000000001
0.15000000000000002 0.3 0.9000000000000001
0.2 0.3 0.05
0.2 0.3 0.1
0.2 0.3 0.15000000000000002
0.2 0.3 0.2
0.2 0.3 0.25
0.2 0.3 0.3
0.2 0.3 0.35000000000000003
0.2 0.3 0.4
0.2 0.3 0.45
0.2 0.3 0.5
0.2 0.3 0.55
0.2 0.3 0.6000000000000001
0.2 0.3 0.6500000000000001
0.2 0.3 0.7000000000000001
0.2 0.3 0.7500000000000001
0.2 0.3 0.8
0.2 0.3 0.8500000000000001
0.2 0.3 0.9000000000000001
0.25 0.3 0.05
0.25 0.3 0.1
0.25 0.3 0.15000000000000002
0.25 0.3 0.2
0.25 0.3 0.25
0.25 0.3 0.3
0.25 0.3 0.35000000000000003
0.25 0.3 0.4
0.25 0.3 0.45
0.25 0.3 0.5
0.25 0.3 0.55
0.25 0.3 0.6000000000000001
0.25 0.3 0.6500000000000001
0.25 0.3 0.7000000000000001
0.25 0.3 0.7500000000000001
0.25 0.3 0.8
0.25 0.3 0.8500000000000001
0.25 0.3 0.9000000000000001
0.3 0.3 0.05
0.3 0.3 0.1
0.3 0.3 0.15000000000000002
0.3 0.3 0.2
0.3 0.3 0.25
0.3 0.3 0.3
0.3 0.3 0.35000000000000003
0.3 0.3 0.4
0.3 0.3 0.45
0.3 0.3 0.5
0.3 0.3 0.55
0.3 0.3 0.6000000000000001
0.3 0.3 0.6500000000000001
0.3 0.3 0.7000000000000001
0.3 0.3 0.7500000000000001
0.3 0.3 0.8
0.3 0.3 0.8500000000000001
0.3 0.3 0.9000000000000001
0.35000000000000003 0.3 0.05
0.35000000000000003 0.3 0.1
0.35000000000000003 0.3 0.15000000000000002
0.35000000000000003 0.3 0.2
0.35000000000000003 0.3 0.25
0.35000000000000003 0.3 0.3
0.35000000000000003 0.3 0.35000000000000003
0.35000000000000003 0.3 0.4
0.35000000000000003 0.3 0.45
0.35000000000000003 0.3 0.5
0.35000000000000003 0.3 0.55
0.35000000000000003 0.3 0.6000000000000001
0.35000000000000003 0.3 0.6500000000000001
0.35000000000000003 0.3 0.7000000000000001
0.35000000000000003 0.3 0.7500000000000001
0.35000000000000003 0.3 0.8
0.35000000000000003 0.3 0.8500000000000001
0.35000000000000003 0.3 0.9000000000000001
0.4 0.3 0.05
0.4 0.3 0.1
0.4 0.3 0.15000000000000002
0.4 0.3 0.2
0.4 0.3 0.25
0.4 0.3 0.3
0.4 0.3 0.35000000000000003
0.4 0.3 0.4
0.4 0.3 0.45
0.4 0.3 0.5
0.4 0.3 0.55
0.4 0.3 0.6000000000000001
0.4 0.3 0.6500000000000001
0.4 0.3 0.7000000000000001
0.4 0.3 0.7500000000000001
0.4 0.3 0.8
0.4 0.3 0.8500000000000001
0.4 0.3 0.9000000000000001
0.05 0.35000000000000003 0.05
0.05 0.35000000000000003 0.1
0.05 0.35000000000000003 0.15000000000000002
0.05 0.35000000000000003 0.2
0.05 0.35000000000000003 0.25
0.05 0.35000000000000003 0.3
0.05 0.35000000000000003 0.35000000000000003
0.05 0.35000000000000003 0.4
0.05 0.35000000000000003 0.45
0.05 0.35000000000000003 0.5
0.05 0.35000000000000003 0.55
0.05 0.35000000000000003 0.6000000000000001
0.05 0.35000000000000003 0.6500000000000001
0.05 0.35000000000000003 0.7000000000000001
0.05 0.35000000000000003 0.7500000000000001
0.05 0.35000000000000003 0.8
0.05 0.35000000000000003 0.8500000000000001
0.05 0.35000000000000003 0.9000000000000001
0.1 0.35000000000000003 0.05
0.1 0.35000000000000003 0.1
0.1 0.35000000000000003 0.15000000000000002
0.1 0.35000000000000003 0.2
0.1 0.35000000000000003 0.25
0.1 0.35000000000000003 0.3
0.1 0.35000000000000003 0.35000000000000003
0.1 0.35000000000000003 0.4
0.1 0.35000000000000003 0.45
0.1 0.35000000000000003 0.5
0.1 0.35000000000000003 0.55
0.1 0.35000000000000003 0.6000000000000001
0.1 0.35000000000000003 0.6500000000000001
0.1 0.35000000000000003 0.7000000000000001
0.1 0.35000000000000003 0.7500000000000001
0.1 0.35000000000000003 0.8
0.1 0.35000000000000003 0.8500000000000001
0.1 0.35000000000000003 0.9000000000000001
0.15000000000000002 0.35000000000000003 0.05
0.15000000000000002 0.35000000000000003 0.1
0.15000000000000002 0.35000000000000003 0.15000000000000002
0.15000000000000002 0.35000000000000003 0.2
0.15000000000000002 0.35000000000000003 0.25
0.15000000000000002 0.35000000000000003 0.3
0.15000000000000002 0.35000000000000003 0.35000000000000003
0.15000000000000002 0.35000000000000003 0.4
0.15000000000000002 0.35000000000000003 0.45
0.15000000000000002 0.35000000000000003 0.5
0.15000000000000002 0.35000000000000003 0.55
0.15000000000000002 0.35000000000000003 0.6000000000000001
0.15000000000000002 0.35000000000000003 0.6500000000000001
0.15000000000000002 0.35000000000000003 0.7000000000000001
0.15000000000000002 0.35000000000000003 0.7500000000000001
0.15000000000000002 0.35000000000000003 0.8
0.15000000000000002 0.35000000000000003 0.8500000000000001
0.15000000000000002 0.35000000000000003 0.9000000000000001
0.2 0.35000000000000003 0.05
0.2 0.35000000000000003 0.1
0.2 0.35000000000000003 0.15000000000000002
0.2 0.35000000000000003 0.2
0.2 0.35000000000000003 0.25
0.2 0.35000000000000003 0.3
0.2 0.35000000000000003 0.35000000000000003
0.2 0.35000000000000003 0.4
0.2 0.35000000000000003 0.45
0.2 0.35000000000000003 0.5
0.2 0.35000000000000003 0.55
0.2 0.35000000000000003 0.6000000000000001
0.2 0.35000000000000003 0.6500000000000001
0.2 0.35000000000000003 0.7000000000000001
0.2 0.35000000000000003 0.7500000000000001
0.2 0.35000000000000003 0.8
0.2 0.35000000000000003 0.8500000000000001
0.2 0.35000000000000003 0.9000000000000001
0.25 0.35000000000000003 0.05
0.25 0.35000000000000003 0.1
0.25 0.35000000000000003 0.15000000000000002
0.25 0.35000000000000003 0.2
0.25 0.35000000000000003 0.25
0.25 0.35000000000000003 0.3
0.25 0.35000000000000003 0.35000000000000003
0.25 0.35000000000000003 0.4
0.25 0.35000000000000003 0.45
0.25 0.35000000000000003 0.5
0.25 0.35000000000000003 0.55
0.25 0.35000000000000003 0.6000000000000001
0.25 0.35000000000000003 0.6500000000000001
0.25 0.35000000000000003 0.7000000000000001
0.25 0.35000000000000003 0.7500000000000001
0.25 0.35000000000000003 0.8
0.25 0.35000000000000003 0.8500000000000001
0.25 0.35000000000000003 0.9000000000000001
0.3 0.35000000000000003 0.05
0.3 0.35000000000000003 0.1
0.3 0.35000000000000003 0.15000000000000002
0.3 0.35000000000000003 0.2
0.3 0.35000000000000003 0.25
0.3 0.35000000000000003 0.3
0.3 0.35000000000000003 0.35000000000000003
0.3 0.35000000000000003 0.4
0.3 0.35000000000000003 0.45
0.3 0.35000000000000003 0.5
0.3 0.35000000000000003 0.55
0.3 0.35000000000000003 0.6000000000000001
0.3 0.35000000000000003 0.6500000000000001
0.3 0.35000000000000003 0.7000000000000001
0.3 0.35000000000000003 0.7500000000000001
0.3 0.35000000000000003 0.8
0.3 0.35000000000000003 0.8500000000000001
0.3 0.35000000000000003 0.9000000000000001
0.35000000000000003 0.35000000000000003 0.05
0.35000000000000003 0.35000000000000003 0.1
0.35000000000000003 0.35000000000000003 0.15000000000000002
0.35000000000000003 0.35000000000000003 0.2
0.35000000000000003 0.35000000000000003 0.25
0.35000000000000003 0.35000000000000003 0.3
0.35000000000000003 0.35000000000000003 0.35000000000000003
0.35000000000000003 0.35000000000000003 0.4
0.35000000000000003 0.35000000000000003 0.45
0.35000000000000003 0.35000000000000003 0.5
0.35000000000000003 0.35000000000000003 0.55
0.35000000000000003 0.35000000000000003 0.6000000000000001
0.35000000000000003 0.35000000000000003 0.6500000000000001
0.35000000000000003 0.35000000000000003 0.7000000000000001
0.35000000000000003 0.35000000000000003 0.7500000000000001
0.35000000000000003 0.35000000000000003 0.8
0.35000000000000003 0.35000000000000003 0.8500000000000001
0.35000000000000003 0.35000000000000003 0.9000000000000001
0.4 0.35000000000000003 0.05
0.4 0.35000000000000003 0.1
0.4 0.35000000000000003 0.15000000000000002
0.4 0.35000000000000003 0.2
0.4 0.35000000000000003 0.25
0.4 0.35000000000000003 0.3
0.4 0.35000000000000003 0.35000000000000003
0.4 0.35000000000000003 0.4
0.4 0.35000000000000003 0.45
0.4 0.35000000000000003 0.5
0.4 0.35000000000000003 0.55
0.4 0.35000000000000003 0.6000000000000001
0.4 0.35000000000000003 0.6500000000000001
0.4 0.35000000000000003 0.7000000000000001
0.4 0.35000000000000003 0.7500000000000001
0.4 0.35000000000000003 0.8
0.4 0.35000000000000003 0.8500000000000001
0.4 0.35000000000000003 0.9000000000000001
0.05 0.4 0.05
0.05 0.4 0.1
0.05 0.4 0.15000000000000002
0.05 0.4 0.2
0.05 0.4 0.25
0.05 0.4 0.3
0.05 0.4 0.35000000000000003
0.05 0.4 0.4
0.05 0.4 0.45
0.05 0.4 0.5
0.05 0.4 0.55
0.05 0.4 0.6000000000000001
0.05 0.4 0.6500000000000001
0.05 0.4 0.7000000000000001
0.05 0.4 0.7500000000000001
0.05 0.4 0.8
0.05 0.4 0.8500000000000001
0.05 0.4 0.9000000000000001
0.1 0.4 0.05
0.1 0.4 0.1
0.1 0.4 0.15000000000000002
0.1 0.4 0.2
0.1 0.4 0.25
0.1 0.4 0.3
0.1 0.4 0.35000000000000003
0.1 0.4 0.4
0.1 0.4 0.45
0.1 0.4 0.5
0.1 0.4 0.55
0.1 0.4 0.6000000000000001
0.1 0.4 0.6500000000000001
0.1 0.4 0.7000000000000001
0.1 0.4 0.7500000000000001
0.1 0.4 0.8
0.1 0.4 0.8500000000000001
0.1 0.4 0.9000000000000001
0.15000000000000002 0.4 0.05
0.15000000000000002 0.4 0.1
0.15000000000000002 0.4 0.15000000000000002
0.15000000000000002 0.4 0.2
0.15000000000000002 0.4 0.25
0.15000000000000002 0.4 0.3
0.15000000000000002 0.4 0.35000000000000003
0.15000000000000002 0.4 0.4
0.15000000000000002 0.4 0.45
0.15000000000000002 0.4 0.5
0.15000000000000002 0.4 0.55
0.15000000000000002 0.4 0.6000000000000001
0.15000000000000002 0.4 0.6500000000000001
0.15000000000000002 0.4 0.7000000000000001
0.15000000000000002 0.4 0.7500000000000001
0.15000000000000002 0.4 0.8
0.15000000000000002 0.4 0.8500000000000001
0.15000000000000002 0.4 0.9000000000000001
0.2 0.4 0.05
0.2 0.4 0.1
0.2 0.4 0.15000000000000002
0.2 0.4 0.2
0.2 0.4 0.25
0.2 0.4 0.3
0.2 0.4 0.35000000000000003
0.2 0.4 0.4
0.2 0.4 0.45
0.2 0.4 0.5
0.2 0.4 0.55
0.2 0.4 0.6000000000000001
0.2 0.4 0.6500000000000001
0.2 0.4 0.7000000000000001
0.2 0.4 0.7500000000000001
0.2 0.4 0.8
0.2 0.4 0.8500000000000001
0.2 0.4 0.9000000000000001
0.25 0.4 0.05
0.25 0.4 0.1
0.25 0.4 0.15000000000000002
0.25 0.4 0.2
0.25 0.4 0.25
0.25 0.4 0.3
0.25 0.4 0.35000000000000003
0.25 0.4 0.4
0.25 0.4 0.45
0.25 0.4 0.5
0.25 0.4 0.55
0.25 0.4 0.6000000000000001
0.25 0.4 0.6500000000000001
0.25 0.4 0.7000000000000001
0.25 0.4 0.7500000000000001
0.25 0.4 0.8
0.25 0.4 0.8500000000000001
0.25 0.4 0.9000000000000001
0.3 0.4 0.05
0.3 0.4 0.1
0.3 0.4 0.15000000000000002
0.3 0.4 0.2
0.3 0.4 0.25
0.3 0.4 0.3
0.3 0.4 0.35000000000000003
0.3 0.4 0.4
0.3 0.4 0.45
0.3 0.4 0.5
0.3 0.4 0.55
0.3 0.4 0.6000000000000001
0.3 0.4 0.6500000000000001
0.3 0.4 0.7000000000000001
0.3 0.4 0.7500000000000001
0.3 0.4 0.8
0.3 0.4 0.8500000000000001
0.3 0.4 0.9000000000000001
0.35000000000000003 0.4 0.05
0.35000000000000003 0.4 0.1
0.35000000000000003 0.4 0.15000000000000002
0.35000000000000003 0.4 0.2
0.35000000000000003 0.4 0.25
0.35000000000000003 0.4 0.3
0.35000000000000003 0.4 0.35000000000000003
0.35000000000000003 0.4 0.4
0.35000000000000003 0.4 0.45
0.35000000000000003 0.4 0.5
0.35000000000000003 0.4 0.55
0.35000000000000003 0.4 0.6000000000000001
0.35000000000000003 0.4 0.6500000000000001
0.35000000000000003 0.4 0.7000000000000001
0.35000000000000003 0.4 0.7500000000000001
0.35000000000000003 0.4 0.8
0.35000000000000003 0.4 0.8500000000000001
0.35000000000000003 0.4 0.9000000000000001
0.4 0.4 0.05
0.4 0.4 0.1
0.4 0.4 0.15000000000000002
0.4 0.4 0.2
0.4 0.4 0.25
0.4 0.4 0.3
0.4 0.4 0.35000000000000003
0.4 0.4 0.4
0.4 0.4 0.45
0.4 0.4 0.5
0.4 0.4 0.55
0.4 0.4 0.6000000000000001
0.4 0.4 0.6500000000000001
0.4 0.4 0.7000000000000001
0.4 0.4 0.7500000000000001
0.4 0.4 0.8
0.4 0.4 0.8500000000000001
0.4 0.4 0.9000000000000001
0.05 0.45 0.05
0.05 0.45 0.1
0.05 0.45 0.15000000000000002
0.05 0.45 0.2
0.05 0.45 0.25
0.05 0.45 0.3
0.05 0.45 0.35000000000000003
0.05 0.45 0.4
0.05 0.45 0.45
0.05 0.45 0.5
0.05 0.45 0.55
0.05 0.45 0.6000000000000001
0.05 0.45 0.6500000000000001
0.05 0.45 0.7000000000000001
0.05 0.45 0.7500000000000001
0.05 0.45 0.8
0.05 0.45 0.8500000000000001
0.05 0.45 0.9000000000000001
0.1 0.45 0.05
0.1 0.45 0.1
0.1 0.45 0.15000000000000002
0.1 0.45 0.2
0.1 0.45 0.25
0.1 0.45 0.3
0.1 0.45 0.35000000000000003
0.1 0.45 0.4
0.1 0.45 0.45
0.1 0.45 0.5
0.1 0.45 0.55
0.1 0.45 0.6000000000000001
0.1 0.45 0.6500000000000001
0.1 0.45 0.7000000000000001
0.1 0.45 0.7500000000000001
0.1 0.45 0.8
0.1 0.45 0.8500000000000001
0.1 0.45 0.9000000000000001
0.15000000000000002 0.45 0.05
0.15000000000000002 0.45 0.1
0.15000000000000002 0.45 0.15000000000000002
0.15000000000000002 0.45 0.2
0.15000000000000002 0.45 0.25
0.15000000000000002 0.45 0.3
0.15000000000000002 0.45 0.35000000000000003
0.15000000000000002 0.45 0.4
0.15000000000000002 0.45 0.45
0.15000000000000002 0.45 0.5
0.15000000000000002 0.45 0.55
0.15000000000000002 0.45 0.6000000000000001
0.15000000000000002 0.45 0.6500000000000001
0.15000000000000002 0.45 0.7000000000000001
0.15000000000000002 0.45 0.7500000000000001
0.15000000000000002 0.45 0.8
0.15000000000000002 0.45 0.8500000000000001
0.15000000000000002 0.45 0.9000000000000001
0.2 0.45 0.05
0.2 0.45 0.1
0.2 0.45 0.15000000000000002
0.2 0.45 0.2
0.2 0.45 0.25
0.2 0.45 0.3
0.2 0.45 0.35000000000000003
0.2 0.45 0.4
0.2 0.45 0.45
0.2 0.45 0.5
0.2 0.45 0.55
0.2 0.45 0.6000000000000001
0.2 0.45 0.6500000000000001
0.2 0.45 0.7000000000000001
0.2 0.45 0.7500000000000001
0.2 0.45 0.8
0.2 0.45 0.8500000000000001
0.2 0.45 0.9000000000000001
0.25 0.45 0.05
0.25 0.45 0.1
0.25 0.45 0.15000000000000002
0.25 0.45 0.2
0.25 0.45 0.25
0.25 0.45 0.3
0.25 0.45 0.35000000000000003
0.25 0.45 0.4
0.25 0.45 0.45
0.25 0.45 0.5
0.25 0.45 0.55
0.25 0.45 0.6000000000000001
0.25 0.45 0.6500000000000001
0.25 0.45 0.7000000000000001
0.25 0.45 0.7500000000000001
0.25 0.45 0.8
0.25 0.45 0.8500000000000001
0.25 0.45 0.9000000000000001
0.3 0.45 0.05
0.3 0.45 0.1
0.3 0.45 0.15000000000000002
0.3 0.45 0.2
0.3 0.45 0.25
0.3 0.45 0.3
0.3 0.45 0.35000000000000003
0.3 0.45 0.4
0.3 0.45 0.45
0.3 0.45 0.5
0.3 0.45 0.55
0.3 0.45 0.6000000000000001
0.3 0.45 0.6500000000000001
0.3 0.45 0.7000000000000001
0.3 0.45 0.7500000000000001
0.3 0.45 0.8
0.3 0.45 0.8500000000000001
0.3 0.45 0.9000000000000001
0.35000000000000003 0.45 0.05
0.35000000000000003 0.45 0.1
0.35000000000000003 0.45 0.15000000000000002
0.35000000000000003 0.45 0.2
0.35000000000000003 0.45 0.25
0.35000000000000003 0.45 0.3
0.35000000000000003 0.45 0.35000000000000003
0.35000000000000003 0.45 0.4
0.35000000000000003 0.45 0.45
0.35000000000000003 0.45 0.5
0.35000000000000003 0.45 0.55
0.35000000000000003 0.45 0.6000000000000001
0.35000000000000003 0.45 0.6500000000000001
0.35000000000000003 0.45 0.7000000000000001
0.35000000000000003 0.45 0.7500000000000001
0.35000000000000003 0.45 0.8
0.35000000000000003 0.45 0.8500000000000001
0.35000000000000003 0.45 0.9000000000000001
0.4 0.45 0.05
0.4 0.45 0.1
0.4 0.45 0.15000000000000002
0.4 0.45 0.2
0.4 0.45 0.25
0.4 0.45 0.3
0.4 0.45 0.35000000000000003
0.4 0.45 0.4
0.4 0.45 0.45
0.4 0.45 0.5
0.4 0.45 0.55
0.4 0.45 0.6000000000000001
0.4 0.45 0.6500000000000001
0.4 0.45 0.7000000000000001
0.4 0.45 0.7500000000000001
0.4 0.45 0.8
0.4 0.45 0.8500000000000001
0.4 0.45 0.9000000000000001
0.05 0.5 0.05
0.05 0.5 0.1
0.05 0.5 0.15000000000000002
0.05 0.5 0.2
0.05 0.5 0.25
0.05 0.5 0.3
0.05 0.5 0.35000000000000003
0.05 0.5 0.4
0.05 0.5 0.45
0.05 0.5 0.5
0.05 0.5 0.55
0.05 0.5 0.6000000000000001
0.05 0.5 0.6500000000000001
0.05 0.5 0.7000000000000001
0.05 0.5 0.7500000000000001
0.05 0.5 0.8
0.05 0.5 0.8500000000000001
0.05 0.5 0.9000000000000001
0.1 0.5 0.05
0.1 0.5 0.1
0.1 0.5 0.15000000000000002
0.1 0.5 0.2
0.1 0.5 0.25
0.1 0.5 0.3
0.1 0.5 0.35000000000000003
0.1 0.5 0.4
0.1 0.5 0.45
0.1 0.5 0.5
0.1 0.5 0.55
0.1 0.5 0.6000000000000001
0.1 0.5 0.6500000000000001
0.1 0.5 0.7000000000000001
0.1 0.5 0.7500000000000001
0.1 0.5 0.8
0.1 0.5 0.8500000000000001
0.1 0.5 0.9000000000000001
0.15000000000000002 0.5 0.05
0.15000000000000002 0.5 0.1
0.15000000000000002 0.5 0.15000000000000002
0.15000000000000002 0.5 0.2
0.15000000000000002 0.5 0.25
0.15000000000000002 0.5 0.3
0.15000000000000002 0.5 0.35000000000000003
0.15000000000000002 0.5 0.4
0.15000000000000002 0.5 0.45
0.15000000000000002 0.5 0.5
0.15000000000000002 0.5 0.55
0.15000000000000002 0.5 0.6000000000000001
0.15000000000000002 0.5 0.6500000000000001
0.15000000000000002 0.5 0.7000000000000001
0.15000000000000002 0.5 0.7500000000000001
0.15000000000000002 0.5 0.8
0.15000000000000002 0.5 0.8500000000000001
0.15000000000000002 0.5 0.9000000000000001
0.2 0.5 0.05
0.2 0.5 0.1
0.2 0.5 0.15000000000000002
0.2 0.5 0.2
0.2 0.5 0.25
0.2 0.5 0.3
0.2 0.5 0.35000000000000003
0.2 0.5 0.4
0.2 0.5 0.45
0.2 0.5 0.5
0.2 0.5 0.55
0.2 0.5 0.6000000000000001
0.2 0.5 0.6500000000000001
0.2 0.5 0.7000000000000001
0.2 0.5 0.7500000000000001
0.2 0.5 0.8
0.2 0.5 0.8500000000000001
0.2 0.5 0.9000000000000001
0.25 0.5 0.05
0.25 0.5 0.1
0.25 0.5 0.15000000000000002
0.25 0.5 0.2
0.25 0.5 0.25
0.25 0.5 0.3
0.25 0.5 0.35000000000000003
0.25 0.5 0.4
0.25 0.5 0.45
0.25 0.5 0.5
0.25 0.5 0.55
0.25 0.5 0.6000000000000001
0.25 0.5 0.6500000000000001
0.25 0.5 0.7000000000000001
0.25 0.5 0.7500000000000001
0.25 0.5 0.8
0.25 0.5 0.8500000000000001
0.25 0.5 0.9000000000000001
0.3 0.5 0.05
0.3 0.5 0.1
0.3 0.5 0.15000000000000002
0.3 0.5 0.2
0.3 0.5 0.25
0.3 0.5 0.3
0.3 0.5 0.35000000000000003
0.3 0.5 0.4
0.3 0.5 0.45
0.3 0.5 0.5
0.3 0.5 0.55
0.3 0.5 0.6000000000000001
0.3 0.5 0.6500000000000001
0.3 0.5 0.7000000000000001
0.3 0.5 0.7500000000000001
0.3 0.5 0.8
0.3 0.5 0.8500000000000001
0.3 0.5 0.9000000000000001
0.35000000000000003 0.5 0.05
0.35000000000000003 0.5 0.1
0.35000000000000003 0.5 0.15000000000000002
0.35000000000000003 0.5 0.2
0.35000000000000003 0.5 0.25
0.35000000000000003 0.5 0.3
0.35000000000000003 0.5 0.35000000000000003
0.35000000000000003 0.5 0.4
0.35000000000000003 0.5 0.45
0.35000000000000003 0.5 0.5
0.35000000000000003 0.5 0.55
0.35000000000000003 0.5 0.6000000000000001
0.35000000000000003 0.5 0.6500000000000001
0.35000000000000003 0.5 0.7000000000000001
0.35000000000000003 0.5 0.7500000000000001
0.35000000000000003 0.5 0.8
0.35000000000000003 0.5 0.8500000000000001
0.35000000000000003 0.5 0.9000000000000001
0.4 0.5 0.05
0.4 0.5 0.1
0.4 0.5 0.15000000000000002
0.4 0.5 0.2
0.4 0.5 0.25
0.4 0.5 0.3
0.4 0.5 0.35000000000000003
0.4 0.5 0.4
0.4 0.5 0.45
0.4 0.5 0.5
0.4 0.5 0.55
0.4 0.5 0.6000000000000001
0.4 0.5 0.6500000000000001
0.4 0.5 0.7000000000000001
0.4 0.5 0.7500000000000001
0.4 0.5 0.8
0.4 0.5 0.8500000000000001
0.4 0.5 0.9000000000000001
0.05 0.55 0.05
0.05 0.55 0.1
0.05 0.55 0.15000000000000002
0.05 0.55 0.2
0.05 0.55 0.25
0.05 0.55 0.3
0.05 0.55 0.35000000000000003
0.05 0.55 0.4
0.05 0.55 0.45
0.05 0.55 0.5
0.05 0.55 0.55
0.05 0.55 0.6000000000000001
0.05 0.55 0.6500000000000001
0.05 0.55 0.7000000000000001
0.05 0.55 0.7500000000000001
0.05 0.55 0.8
0.05 0.55 0.8500000000000001
0.05 0.55 0.9000000000000001
0.1 0.55 0.05
0.1 0.55 0.1
0.1 0.55 0.15000000000000002
0.1 0.55 0.2
0.1 0.55 0.25
0.1 0.55 0.3
0.1 0.55 0.35000000000000003
0.1 0.55 0.4
0.1 0.55 0.45
0.1 0.55 0.5
0.1 0.55 0.55
0.1 0.55 0.6000000000000001
0.1 0.55 0.6500000000000001
0.1 0.55 0.7000000000000001
0.1 0.55 0.7500000000000001
0.1 0.55 0.8
0.1 0.55 0.8500000000000001
0.1 0.55 0.9000000000000001
0.15000000000000002 0.55 0.05
0.15000000000000002 0.55 0.1
0.15000000000000002 0.55 0.15000000000000002
0.15000000000000002 0.55 0.2
0.15000000000000002 0.55 0.25
0.15000000000000002 0.55 0.3
0.15000000000000002 0.55 0.35000000000000003
0.15000000000000002 0.55 0.4
0.15000000000000002 0.55 0.45
0.15000000000000002 0.55 0.5
0.15000000000000002 0.55 0.55
0.15000000000000002 0.55 0.6000000000000001
0.15000000000000002 0.55 0.6500000000000001
0.15000000000000002 0.55 0.7000000000000001
0.15000000000000002 0.55 0.7500000000000001
0.15000000000000002 0.55 0.8
0.15000000000000002 0.55 0.8500000000000001
0.15000000000000002 0.55 0.9000000000000001
0.2 0.55 0.05
0.2 0.55 0.1
0.2 0.55 0.15000000000000002
0.2 0.55 0.2
0.2 0.55 0.25
0.2 0.55 0.3
0.2 0.55 0.35000000000000003
0.2 0.55 0.4
0.2 0.55 0.45
0.2 0.55 0.5
0.2 0.55 0.55
0.2 0.55 0.6000000000000001
0.2 0.55 0.6500000000000001
0.2 0.55 0.7000000000000001
0.2 0.55 0.7500000000000001
0.2 0.55 0.8
0.2 0.55 0.8500000000000001
0.2 0.55 0.9000000000000001
0.25 0.55 0.05
0.25 0.55 0.1
0.25 0.55 0.15000000000000002
0.25 0.55 0.2
0.25 0.55 0.25
0.25 0.55 0.3
0.25 0.55 0.35000000000000003
0.25 0.55 0.4
0.25 0.55 0.45
0.25 0.55 0.5
0.25 0.55 0.55
0.25 0.55 0.6000000000000001
0.25 0.55 0.6500000000000001
0.25 0.55 0.7000000000000001
0.25 0.55 0.7500000000000001
0.25 0.55 0.8
0.25 0.55 0.8500000000000001
0.25 0.55 0.9000000000000001
0.3 0.55 0.05
0.3 0.55 0.1
0.3 0.55 0.15000000000000002
0.3 0.55 0.2
0.3 0.55 0.25
0.3 0.55 0.3
0.3 0.55 0.35000000000000003
0.3 0.55 0.4
0.3 0.55 0.45
0.3 0.55 0.5
0.3 0.55 0.55
0.3 0.55 0.6000000000000001
0.3 0.55 0.6500000000000001
0.3 0.55 0.7000000000000001
0.3 0.55 0.7500000000000001
0.3 0.55 0.8
0.3 0.55 0.8500000000000001
0.3 0.55 0.9000000000000001
0.35000000000000003 0.55 0.05
0.35000000000000003 0.55 0.1
0.35000000000000003 0.55 0.15000000000000002
0.35000000000000003 0.55 0.2
0.35000000000000003 0.55 0.25
0.35000000000000003 0.55 0.3
0.35000000000000003 0.55 0.35000000000000003
0.35000000000000003 0.55 0.4
0.35000000000000003 0.55 0.45
0.35000000000000003 0.55 0.5
0.35000000000000003 0.55 0.55
0.35000000000000003 0.55 0.6000000000000001
0.35000000000000003 0.55 0.6500000000000001
0.35000000000000003 0.55 0.7000000000000001
0.35000000000000003 0.55 0.7500000000000001
0.35000000000000003 0.55 0.8
0.35000000000000003 0.55 0.8500000000000001
0.35000000000000003 0.55 0.9000000000000001
0.4 0.55 0.05
0.4 0.55 0.1
0.4 0.55 0.15000000000000002
0.4 0.55 0.2
0.4 0.55 0.25
0.4 0.55 0.3
0.4 0.55 0.35000000000000003
0.4 0.55 0.4
0.4 0.55 0.45
0.4 0.55 0.5
0.4 0.55 0.55
0.4 0.55 0.6000000000000001
0.4 0.55 0.6500000000000001
0.4 0.55 0.7000000000000001
0.4 0.55 0.7500000000000001
0.4 0.55 0.8
0.4 0.55 0.8500000000000001
0.4 0.55 0.9000000000000001
0.05 0.6000000000000001 0.05
0.05 0.6000000000000001 0.1
0.05 0.6000000000000001 0.15000000000000002
0.05 0.6000000000000001 0.2
0.05 0.6000000000000001 0.25
0.05 0.6000000000000001 0.3
0.05 0.6000000000000001 0.35000000000000003
0.05 0.6000000000000001 0.4
0.05 0.6000000000000001 0.45
0.05 0.6000000000000001 0.5
0.05 0.6000000000000001 0.55
0.05 0.6000000000000001 0.6000000000000001
0.05 0.6000000000000001 0.6500000000000001
0.05 0.6000000000000001 0.7000000000000001
0.05 0.6000000000000001 0.7500000000000001
0.05 0.6000000000000001 0.8
0.05 0.6000000000000001 0.8500000000000001
0.05 0.6000000000000001 0.9000000000000001
0.1 0.6000000000000001 0.05
0.1 0.6000000000000001 0.1
0.1 0.6000000000000001 0.15000000000000002
0.1 0.6000000000000001 0.2
0.1 0.6000000000000001 0.25
0.1 0.6000000000000001 0.3
0.1 0.6000000000000001 0.35000000000000003
0.1 0.6000000000000001 0.4
0.1 0.6000000000000001 0.45
0.1 0.6000000000000001 0.5
0.1 0.6000000000000001 0.55
0.1 0.6000000000000001 0.6000000000000001
0.1 0.6000000000000001 0.6500000000000001
0.1 0.6000000000000001 0.7000000000000001
0.1 0.6000000000000001 0.7500000000000001
0.1 0.6000000000000001 0.8
0.1 0.6000000000000001 0.8500000000000001
0.1 0.6000000000000001 0.9000000000000001
0.15000000000000002 0.6000000000000001 0.05
0.15000000000000002 0.6000000000000001 0.1
0.15000000000000002 0.6000000000000001 0.15000000000000002
0.15000000000000002 0.6000000000000001 0.2
0.15000000000000002 0.6000000000000001 0.25
0.15000000000000002 0.6000000000000001 0.3
0.15000000000000002 0.6000000000000001 0.35000000000000003
0.15000000000000002 0.6000000000000001 0.4
0.15000000000000002 0.6000000000000001 0.45
0.15000000000000002 0.6000000000000001 0.5
0.15000000000000002 0.6000000000000001 0.55
0.15000000000000002 0.6000000000000001 0.6000000000000001
0.15000000000000002 0.6000000000000001 0.6500000000000001
0.15000000000000002 0.6000000000000001 0.7000000000000001
0.15000000000000002 0.6000000000000001 0.7500000000000001
0.15000000000000002 0.6000000000000001 0.8
0.15000000000000002 0.6000000000000001 0.8500000000000001
0.15000000000000002 0.6000000000000001 0.9000000000000001
0.2 0.6000000000000001 0.05
0.2 0.6000000000000001 0.1
0.2 0.6000000000000001 0.15000000000000002
0.2 0.6000000000000001 0.2
0.2 0.6000000000000001 0.25
0.2 0.6000000000000001 0.3
0.2 0.6000000000000001 0.35000000000000003
0.2 0.6000000000000001 0.4
0.2 0.6000000000000001 0.45
0.2 0.6000000000000001 0.5
0.2 0.6000000000000001 0.55
0.2 0.6000000000000001 0.6000000000000001
0.2 0.6000000000000001 0.6500000000000001
0.2 0.6000000000000001 0.7000000000000001
0.2 0.6000000000000001 0.7500000000000001
0.2 0.6000000000000001 0.8
0.2 0.6000000000000001 0.8500000000000001
0.2 0.6000000000000001 0.9000000000000001
0.25 0.6000000000000001 0.05
0.25 0.6000000000000001 0.1
0.25 0.6000000000000001 0.15000000000000002
0.25 0.6000000000000001 0.2
0.25 0.6000000000000001 0.25
0.25 0.6000000000000001 0.3
0.25 0.6000000000000001 0.35000000000000003
0.25 0.6000000000000001 0.4
0.25 0.6000000000000001 0.45
0.25 0.6000000000000001 0.5
0.25 0.6000000000000001 0.55
0.25 0.6000000000000001 0.6000000000000001
0.25 0.6000000000000001 0.6500000000000001
0.25 0.6000000000000001 0.7000000000000001
0.25 0.6000000000000001 0.7500000000000001
0.25 0.6000000000000001 0.8
0.25 0.6000000000000001 0.8500000000000001
0.25 0.6000000000000001 0.9000000000000001
0.3 0.6000000000000001 0.05
0.3 0.6000000000000001 0.1
0.3 0.6000000000000001 0.15000000000000002
0.3 0.6000000000000001 0.2
0.3 0.6000000000000001 0.25
0.3 0.6000000000000001 0.3
0.3 0.6000000000000001 0.35000000000000003
0.3 0.6000000000000001 0.4
0.3 0.6000000000000001 0.45
0.3 0.6000000000000001 0.5
0.3 0.6000000000000001 0.55
0.3 0.6000000000000001 0.6000000000000001
0.3 0.6000000000000001 0.6500000000000001
0.3 0.6000000000000001 0.7000000000000001
0.3 0.6000000000000001 0.7500000000000001
0.3 0.6000000000000001 0.8
0.3 0.6000000000000001 0.8500000000000001
0.3 0.6000000000000001 0.9000000000000001
0.35000000000000003 0.6000000000000001 0.05
0.35000000000000003 0.6000000000000001 0.1
0.35000000000000003 0.6000000000000001 0.15000000000000002
0.35000000000000003 0.6000000000000001 0.2
0.35000000000000003 0.6000000000000001 0.25
0.35000000000000003 0.6000000000000001 0.3
0.35000000000000003 0.6000000000000001 0.35000000000000003
0.35000000000000003 0.6000000000000001 0.4
0.35000000000000003 0.6000000000000001 0.45
0.35000000000000003 0.6000000000000001 0.5
0.35000000000000003 0.6000000000000001 0.55
0.35000000000000003 0.6000000000000001 0.6000000000000001
0.35000000000000003 0.6000000000000001 0.6500000000000001
0.35000000000000003 0.6000000000000001 0.7000000000000001
0.35000000000000003 0.6000000000000001 0.7500000000000001
0.35000000000000003 0.6000000000000001 0.8
0.35000000000000003 0.6000000000000001 0.8500000000000001
0.35000000000000003 0.6000000000000001 0.9000000000000001
0.4 0.6000000000000001 0.05
0.4 0.6000000000000001 0.1
0.4 0.6000000000000001 0.15000000000000002
0.4 0.6000000000000001 0.2
0.4 0.6000000000000001 0.25
0.4 0.6000000000000001 0.3
0.4 0.6000000000000001 0.35000000000000003
0.4 0.6000000000000001 0.4
0.4 0.6000000000000001 0.45
0.4 0.6000000000000001 0.5
0.4 0.6000000000000001 0.55
0.4 0.6000000000000001 0.6000000000000001
0.4 0.6000000000000001 0.6500000000000001
0.4 0.6000000000000001 0.7000000000000001
0.4 0.6000000000000001 0.7500000000000001
0.4 0.6000000000000001 0.8
0.4 0.6000000000000001 0.8500000000000001
0.4 0.6000000000000001 0.9000000000000001
0.05 0.6500000000000001 0.05
0.05 0.6500000000000001 0.1
0.05 0.6500000000000001 0.15000000000000002
0.05 0.6500000000000001 0.2
0.05 0.6500000000000001 0.25
0.05 0.6500000000000001 0.3
0.05 0.6500000000000001 0.35000000000000003
0.05 0.6500000000000001 0.4
0.05 0.6500000000000001 0.45
0.05 0.6500000000000001 0.5
0.05 0.6500000000000001 0.55
0.05 0.6500000000000001 0.6000000000000001
0.05 0.6500000000000001 0.6500000000000001
0.05 0.6500000000000001 0.7000000000000001
0.05 0.6500000000000001 0.7500000000000001
0.05 0.6500000000000001 0.8
0.05 0.6500000000000001 0.8500000000000001
0.05 0.6500000000000001 0.9000000000000001
0.1 0.6500000000000001 0.05
0.1 0.6500000000000001 0.1
0.1 0.6500000000000001 0.15000000000000002
0.1 0.6500000000000001 0.2
0.1 0.6500000000000001 0.25
0.1 0.6500000000000001 0.3
0.1 0.6500000000000001 0.35000000000000003
0.1 0.6500000000000001 0.4
0.1 0.6500000000000001 0.45
0.1 0.6500000000000001 0.5
0.1 0.6500000000000001 0.55
0.1 0.6500000000000001 0.6000000000000001
0.1 0.6500000000000001 0.6500000000000001
0.1 0.6500000000000001 0.7000000000000001
0.1 0.6500000000000001 0.7500000000000001
0.1 0.6500000000000001 0.8
0.1 0.6500000000000001 0.8500000000000001
0.1 0.6500000000000001 0.9000000000000001
0.15000000000000002 0.6500000000000001 0.05
0.15000000000000002 0.6500000000000001 0.1
0.15000000000000002 0.6500000000000001 0.15000000000000002
0.15000000000000002 0.6500000000000001 0.2
0.15000000000000002 0.6500000000000001 0.25
0.15000000000000002 0.6500000000000001 0.3
0.15000000000000002 0.6500000000000001 0.35000000000000003
0.15000000000000002 0.6500000000000001 0.4
0.15000000000000002 0.6500000000000001 0.45
0.15000000000000002 0.6500000000000001 0.5
0.15000000000000002 0.6500000000000001 0.55
0.15000000000000002 0.6500000000000001 0.6000000000000001
0.15000000000000002 0.6500000000000001 0.6500000000000001
0.15000000000000002 0.6500000000000001 0.7000000000000001
0.15000000000000002 0.6500000000000001 0.7500000000000001
0.15000000000000002 0.6500000000000001 0.8
0.15000000000000002 0.6500000000000001 0.8500000000000001
0.15000000000000002 0.6500000000000001 0.9000000000000001
0.2 0.6500000000000001 0.05
0.2 0.6500000000000001 0.1
0.2 0.6500000000000001 0.15000000000000002
0.2 0.6500000000000001 0.2
0.2 0.6500000000000001 0.25
0.2 0.6500000000000001 0.3
0.2 0.6500000000000001 0.35000000000000003
0.2 0.6500000000000001 0.4
0.2 0.6500000000000001 0.45
0.2 0.6500000000000001 0.5
0.2 0.6500000000000001 0.55
0.2 0.6500000000000001 0.6000000000000001
0.2 0.6500000000000001 0.6500000000000001
0.2 0.6500000000000001 0.7000000000000001
0.2 0.6500000000000001 0.7500000000000001
0.2 0.6500000000000001 0.8
0.2 0.6500000000000001 0.8500000000000001
0.2 0.6500000000000001 0.9000000000000001
0.25 0.6500000000000001 0.05
0.25 0.6500000000000001 0.1
0.25 0.6500000000000001 0.15000000000000002
0.25 0.6500000000000001 0.2
0.25 0.6500000000000001 0.25
0.25 0.6500000000000001 0.3
0.25 0.6500000000000001 0.35000000000000003
0.25 0.6500000000000001 0.4
0.25 0.6500000000000001 0.45
0.25 0.6500000000000001 0.5
0.25 0.6500000000000001 0.55
0.25 0.6500000000000001 0.6000000000000001
0.25 0.6500000000000001 0.6500000000000001
0.25 0.6500000000000001 0.7000000000000001
0.25 0.6500000000000001 0.7500000000000001
0.25 0.6500000000000001 0.8
0.25 0.6500000000000001 0.8500000000000001
0.25 0.6500000000000001 0.9000000000000001
0.3 0.6500000000000001 0.05
0.3 0.6500000000000001 0.1
0.3 0.6500000000000001 0.15000000000000002
0.3 0.6500000000000001 0.2
0.3 0.6500000000000001 0.25
0.3 0.6500000000000001 0.3
0.3 0.6500000000000001 0.35000000000000003
0.3 0.6500000000000001 0.4
0.3 0.6500000000000001 0.45
0.3 0.6500000000000001 0.5
0.3 0.6500000000000001 0.55
0.3 0.6500000000000001 0.6000000000000001
0.3 0.6500000000000001 0.6500000000000001
0.3 0.6500000000000001 0.7000000000000001
0.3 0.6500000000000001 0.7500000000000001
0.3 0.6500000000000001 0.8
0.3 0.6500000000000001 0.8500000000000001
0.3 0.6500000000000001 0.9000000000000001
0.35000000000000003 0.6500000000000001 0.05
0.35000000000000003 0.6500000000000001 0.1
0.35000000000000003 0.6500000000000001 0.15000000000000002
0.35000000000000003 0.6500000000000001 0.2
0.35000000000000003 0.6500000000000001 0.25
0.35000000000000003 0.6500000000000001 0.3
0.35000000000000003 0.6500000000000001 0.35000000000000003
0.35000000000000003 0.6500000000000001 0.4
0.35000000000000003 0.6500000000000001 0.45
0.35000000000000003 0.6500000000000001 0.5
0.35000000000000003 0.6500000000000001 0.55
0.35000000000000003 0.6500000000000001 0.6000000000000001
0.35000000000000003 0.6500000000000001 0.6500000000000001
0.35000000000000003 0.6500000000000001 0.7000000000000001
0.35000000000000003 0.6500000000000001 0.7500000000000001
0.35000000000000003 0.6500000000000001 0.8
0.35000000000000003 0.6500000000000001 0.8500000000000001
0.35000000000000003 0.6500000000000001 0.9000000000000001
0.4 0.6500000000000001 0.05
0.4 0.6500000000000001 0.1
0.4 0.6500000000000001 0.15000000000000002
0.4 0.6500000000000001 0.2
0.4 0.6500000000000001 0.25
0.4 0.6500000000000001 0.3
0.4 0.6500000000000001 0.35000000000000003
0.4 0.6500000000000001 0.4
0.4 0.6500000000000001 0.45
0.4 0.6500000000000001 0.5
0.4 0.6500000000000001 0.55
0.4 0.6500000000000001 0.6000000000000001
0.4 0.6500000000000001 0.6500000000000001
0.4 0.6500000000000001 0.7000000000000001
0.4 0.6500000000000001 0.7500000000000001
0.4 0.6500000000000001 0.8
0.4 0.6500000000000001 0.8500000000000001
0.4 0.6500000000000001 0.9000000000000001
0.05 0.7000000000000001 0.05
0.05 0.7000000000000001 0.1
0.05 0.7000000000000001 0.15000000000000002
0.05 0.7000000000000001 0.2
0.05 0.7000000000000001 0.25
0.05 0.7000000000000001 0.3
0.05 0.7000000000000001 0.35000000000000003
0.05 0.7000000000000001 0.4
0.05 0.7000000000000001 0.45
0.05 0.7000000000000001 0.5
0.05 0.7000000000000001 0.55
0.05 0.7000000000000001 0.6000000000000001
0.05 0.7000000000000001 0.6500000000000001
0.05 0.7000000000000001 0.7000000000000001
0.05 0.7000000000000001 0.7500000000000001
0.05 0.7000000000000001 0.8
0.05 0.7000000000000001 0.8500000000000001
0.05 0.7000000000000001 0.9000000000000001
0.1 0.7000000000000001 0.05
0.1 0.7000000000000001 0.1
0.1 0.7000000000000001 0.15000000000000002
0.1 0.7000000000000001 0.2
0.1 0.7000000000000001 0.25
0.1 0.7000000000000001 0.3
0.1 0.7000000000000001 0.35000000000000003
0.1 0.7000000000000001 0.4
0.1 0.7000000000000001 0.45
0.1 0.7000000000000001 0.5
0.1 0.7000000000000001 0.55
0.1 0.7000000000000001 0.6000000000000001
0.1 0.7000000000000001 0.6500000000000001
0.1 0.7000000000000001 0.7000000000000001
0.1 0.7000000000000001 0.7500000000000001
0.1 0.7000000000000001 0.8
0.1 0.7000000000000001 0.8500000000000001
0.1 0.7000000000000001 0.9000000000000001
0.15000000000000002 0.7000000000000001 0.05
0.15000000000000002 0.7000000000000001 0.1
0.15000000000000002 0.7000000000000001 0.15000000000000002
0.15000000000000002 0.7000000000000001 0.2
0.15000000000000002 0.7000000000000001 0.25
0.15000000000000002 0.7000000000000001 0.3
0.15000000000000002 0.7000000000000001 0.35000000000000003
0.15000000000000002 0.7000000000000001 0.4
0.15000000000000002 0.7000000000000001 0.45
0.15000000000000002 0.7000000000000001 0.5
0.15000000000000002 0.7000000000000001 0.55
0.15000000000000002 0.7000000000000001 0.6000000000000001
0.15000000000000002 0.7000000000000001 0.6500000000000001
0.15000000000000002 0.7000000000000001 0.7000000000000001
0.15000000000000002 0.7000000000000001 0.7500000000000001
0.15000000000000002 0.7000000000000001 0.8
0.15000000000000002 0.7000000000000001 0.8500000000000001
0.15000000000000002 0.7000000000000001 0.9000000000000001
0.2 0.7000000000000001 0.05
0.2 0.7000000000000001 0.1
0.2 0.7000000000000001 0.15000000000000002
0.2 0.7000000000000001 0.2
0.2 0.7000000000000001 0.25
0.2 0.7000000000000001 0.3
0.2 0.7000000000000001 0.35000000000000003
0.2 0.7000000000000001 0.4
0.2 0.7000000000000001 0.45
0.2 0.7000000000000001 0.5
0.2 0.7000000000000001 0.55
0.2 0.7000000000000001 0.6000000000000001
0.2 0.7000000000000001 0.6500000000000001
0.2 0.7000000000000001 0.7000000000000001
0.2 0.7000000000000001 0.7500000000000001
0.2 0.7000000000000001 0.8
0.2 0.7000000000000001 0.8500000000000001
0.2 0.7000000000000001 0.9000000000000001
0.25 0.7000000000000001 0.05
0.25 0.7000000000000001 0.1
0.25 0.7000000000000001 0.15000000000000002
0.25 0.7000000000000001 0.2
0.25 0.7000000000000001 0.25
0.25 0.7000000000000001 0.3
0.25 0.7000000000000001 0.35000000000000003
0.25 0.7000000000000001 0.4
0.25 0.7000000000000001 0.45
0.25 0.7000000000000001 0.5
0.25 0.7000000000000001 0.55
0.25 0.7000000000000001 0.6000000000000001
0.25 0.7000000000000001 0.6500000000000001
0.25 0.7000000000000001 0.7000000000000001
0.25 0.7000000000000001 0.7500000000000001
0.25 0.7000000000000001 0.8
0.25 0.7000000000000001 0.8500000000000001
0.25 0.7000000000000001 0.9000000000000001
0.3 0.7000000000000001 0.05
0.3 0.7000000000000001 0.1
0.3 0.7000000000000001 0.15000000000000002
0.3 0.7000000000000001 0.2
0.3 0.7000000000000001 0.25
0.3 0.7000000000000001 0.3
0.3 0.7000000000000001 0.35000000000000003
0.3 0.7000000000000001 0.4
0.3 0.7000000000000001 0.45
0.3 0.7000000000000001 0.5
0.3 0.7000000000000001 0.55
0.3 0.7000000000000001 0.6000000000000001
0.3 0.7000000000000001 0.6500000000000001
0.3 0.7000000000000001 0.7000000000000001
0.3 0.7000000000000001 0.7500000000000001
0.3 0.7000000000000001 0.8
0.3 0.7000000000000001 0.8500000000000001
0.3 0.7000000000000001 0.9000000000000001
0.35000000000000003 0.7000000000000001 0.05
0.35000000000000003 0.7000000000000001 0.1
0.35000000000000003 0.7000000000000001 0.15000000000000002
0.35000000000000003 0.7000000000000001 0.2
0.35000000000000003 0.7000000000000001 0.25
0.35000000000000003 0.7000000000000001 0.3
0.35000000000000003 0.7000000000000001 0.35000000000000003
0.35000000000000003 0.7000000000000001 0.4
0.35000000000000003 0.7000000000000001 0.45
0.35000000000000003 0.7000000000000001 0.5
0.35000000000000003 0.7000000000000001 0.55
0.35000000000000003 0.7000000000000001 0.6000000000000001
0.35000000000000003 0.7000000000000001 0.6500000000000001
0.35000000000000003 0.7000000000000001 0.7000000000000001
0.35000000000000003 0.7000000000000001 0.7500000000000001
0.35000000000000003 0.7000000000000001 0.8
0.35000000000000003 0.7000000000000001 0.8500000000000001
0.35000000000000003 0.7000000000000001 0.9000000000000001
0.4 0.7000000000000001 0.05
0.4 0.7000000000000001 0.1
0.4 0.7000000000000001 0.15000000000000002
0.4 0.7000000000000001 0.2
0.4 0.7000000000000001 0.25
0.4 0.7000000000000001 0.3
0.4 0.7000000000000001 0.35000000000000003
0.4 0.7000000000000001 0.4
0.4 0.7000000000000001 0.45
0.4 0.7000000000000001 0.5
0.4 0.7000000000000001 0.55
0.4 0.7000000000000001 0.6000000000000001
0.4 0.7000000000000001 0.6500000000000001
0.4 0.7000000000000001 0.7000000000000001
0.4 0.7000000000000001 0.7500000000000001
0.4 0.7000000000000001 0.8
0.4 0.7000000000000001 0.8500000000000001
0.4 0.7000000000000001 0.9000000000000001
0.05 0.7500000000000001 0.05
0.05 0.7500000000000001 0.1
0.05 0.7500000000000001 0.15000000000000002
0.05 0.7500000000000001 0.2
0.05 0.7500000000000001 0.25
0.05 0.7500000000000001 0.3
0.05 0.7500000000000001 0.35000000000000003
0.05 0.7500000000000001 0.4
0.05 0.7500000000000001 0.45
0.05 0.7500000000000001 0.5
0.05 0.7500000000000001 0.55
0.05 0.7500000000000001 0.6000000000000001
0.05 0.7500000000000001 0.6500000000000001
0.05 0.7500000000000001 0.7000000000000001
0.05 0.7500000000000001 0.7500000000000001
0.05 0.7500000000000001 0.8
0.05 0.7500000000000001 0.8500000000000001
0.05 0.7500000000000001 0.9000000000000001
0.1 0.7500000000000001 0.05
0.1 0.7500000000000001 0.1
0.1 0.7500000000000001 0.15000000000000002
0.1 0.7500000000000001 0.2
0.1 0.7500000000000001 0.25
0.1 0.7500000000000001 0.3
0.1 0.7500000000000001 0.35000000000000003
0.1 0.7500000000000001 0.4
0.1 0.7500000000000001 0.45
0.1 0.7500000000000001 0.5
0.1 0.7500000000000001 0.55
0.1 0.7500000000000001 0.6000000000000001
0.1 0.7500000000000001 0.6500000000000001
0.1 0.7500000000000001 0.7000000000000001
0.1 0.7500000000000001 0.7500000000000001
0.1 0.7500000000000001 0.8
0.1 0.7500000000000001 0.8500000000000001
0.1 0.7500000000000001 0.9000000000000001
0.15000000000000002 0.7500000000000001 0.05
0.15000000000000002 0.7500000000000001 0.1
0.15000000000000002 0.7500000000000001 0.15000000000000002
0.15000000000000002 0.7500000000000001 0.2
0.15000000000000002 0.7500000000000001 0.25
0.15000000000000002 0.7500000000000001 0.3
0.15000000000000002 0.7500000000000001 0.35000000000000003
0.15000000000000002 0.7500000000000001 0.4
0.15000000000000002 0.7500000000000001 0.45
0.15000000000000002 0.7500000000000001 0.5
0.15000000000000002 0.7500000000000001 0.55
0.15000000000000002 0.7500000000000001 0.6000000000000001
0.15000000000000002 0.7500000000000001 0.6500000000000001
0.15000000000000002 0.7500000000000001 0.7000000000000001
0.15000000000000002 0.7500000000000001 0.7500000000000001
0.15000000000000002 0.7500000000000001 0.8
0.15000000000000002 0.7500000000000001 0.8500000000000001
0.15000000000000002 0.7500000000000001 0.9000000000000001
0.2 0.7500000000000001 0.05
0.2 0.7500000000000001 0.1
0.2 0.7500000000000001 0.15000000000000002
0.2 0.7500000000000001 0.2
0.2 0.7500000000000001 0.25
0.2 0.7500000000000001 0.3
0.2 0.7500000000000001 0.35000000000000003
0.2 0.7500000000000001 0.4
0.2 0.7500000000000001 0.45
0.2 0.7500000000000001 0.5
0.2 0.7500000000000001 0.55
0.2 0.7500000000000001 0.6000000000000001
0.2 0.7500000000000001 0.6500000000000001
0.2 0.7500000000000001 0.7000000000000001
0.2 0.7500000000000001 0.7500000000000001
0.2 0.7500000000000001 0.8
0.2 0.7500000000000001 0.8500000000000001
0.2 0.7500000000000001 0.9000000000000001
0.25 0.7500000000000001 0.05
0.25 0.7500000000000001 0.1
0.25 0.7500000000000001 0.15000000000000002
0.25 0.7500000000000001 0.2
0.25 0.7500000000000001 0.25
0.25 0.7500000000000001 0.3
0.25 0.7500000000000001 0.35000000000000003
0.25 0.7500000000000001 0.4
0.25 0.7500000000000001 0.45
0.25 0.7500000000000001 0.5
0.25 0.7500000000000001 0.55
0.25 0.7500000000000001 0.6000000000000001
0.25 0.7500000000000001 0.6500000000000001
0.25 0.7500000000000001 0.7000000000000001
0.25 0.7500000000000001 0.7500000000000001
0.25 0.7500000000000001 0.8
0.25 0.7500000000000001 0.8500000000000001
0.25 0.7500000000000001 0.9000000000000001
0.3 0.7500000000000001 0.05
0.3 0.7500000000000001 0.1
0.3 0.7500000000000001 0.15000000000000002
0.3 0.7500000000000001 0.2
0.3 0.7500000000000001 0.25
0.3 0.7500000000000001 0.3
0.3 0.7500000000000001 0.35000000000000003
0.3 0.7500000000000001 0.4
0.3 0.7500000000000001 0.45
0.3 0.7500000000000001 0.5
0.3 0.7500000000000001 0.55
0.3 0.7500000000000001 0.6000000000000001
0.3 0.7500000000000001 0.6500000000000001
0.3 0.7500000000000001 0.7000000000000001
0.3 0.7500000000000001 0.7500000000000001
0.3 0.7500000000000001 0.8
0.3 0.7500000000000001 0.8500000000000001
0.3 0.7500000000000001 0.9000000000000001
0.35000000000000003 0.7500000000000001 0.05
0.35000000000000003 0.7500000000000001 0.1
0.35000000000000003 0.7500000000000001 0.15000000000000002
0.35000000000000003 0.7500000000000001 0.2
0.35000000000000003 0.7500000000000001 0.25
0.35000000000000003 0.7500000000000001 0.3
0.35000000000000003 0.7500000000000001 0.35000000000000003
0.35000000000000003 0.7500000000000001 0.4
0.35000000000000003 0.7500000000000001 0.45
0.35000000000000003 0.7500000000000001 0.5
0.35000000000000003 0.7500000000000001 0.55
0.35000000000000003 0.7500000000000001 0.6000000000000001
0.35000000000000003 0.7500000000000001 0.6500000000000001
0.35000000000000003 0.7500000000000001 0.7000000000000001
0.35000000000000003 0.7500000000000001 0.7500000000000001
0.35000000000000003 0.7500000000000001 0.8
0.35000000000000003 0.7500000000000001 0.8500000000000001
0.35000000000000003 0.7500000000000001 0.9000000000000001
0.4 0.7500000000000001 0.05
0.4 0.7500000000000001 0.1
0.4 0.7500000000000001 0.15000000000000002
0.4 0.7500000000000001 0.2
0.4 0.7500000000000001 0.25
0.4 0.7500000000000001 0.3
0.4 0.7500000000000001 0.35000000000000003
0.4 0.7500000000000001 0.4
0.4 0.7500000000000001 0.45
0.4 0.7500000000000001 0.5
0.4 0.7500000000000001 0.55
0.4 0.7500000000000001 0.6000000000000001
0.4 0.7500000000000001 0.6500000000000001
0.4 0.7500000000000001 0.7000000000000001
0.4 0.7500000000000001 0.7500000000000001
0.4 0.7500000000000001 0.8
0.4 0.7500000000000001 0.8500000000000001
0.4 0.7500000000000001 0.9000000000000001
0.05 0.8 0.05
0.05 0.8 0.1
0.05 0.8 0.15000000000000002
0.05 0.8 0.2
0.05 0.8 0.25
0.05 0.8 0.3
0.05 0.8 0.35000000000000003
0.05 0.8 0.4
0.05 0.8 0.45
0.05 0.8 0.5
0.05 0.8 0.55
0.05 0.8 0.6000000000000001
0.05 0.8 0.6500000000000001
0.05 0.8 0.7000000000000001
0.05 0.8 0.7500000000000001
0.05 0.8 0.8
0.05 0.8 0.8500000000000001
0.05 0.8 0.9000000000000001
0.1 0.8 0.05
0.1 0.8 0.1
0.1 0.8 0.15000000000000002
0.1 0.8 0.2
0.1 0.8 0.25
0.1 0.8 0.3
0.1 0.8 0.35000000000000003
0.1 0.8 0.4
0.1 0.8 0.45
0.1 0.8 0.5
0.1 0.8 0.55
0.1 0.8 0.6000000000000001
0.1 0.8 0.6500000000000001
0.1 0.8 0.7000000000000001
0.1 0.8 0.7500000000000001
0.1 0.8 0.8
0.1 0.8 0.8500000000000001
0.1 0.8 0.9000000000000001
0.15000000000000002 0.8 0.05
0.15000000000000002 0.8 0.1
0.15000000000000002 0.8 0.15000000000000002
0.15000000000000002 0.8 0.2
0.15000000000000002 0.8 0.25
0.15000000000000002 0.8 0.3
0.15000000000000002 0.8 0.35000000000000003
0.15000000000000002 0.8 0.4
0.15000000000000002 0.8 0.45
0.15000000000000002 0.8 0.5
0.15000000000000002 0.8 0.55
0.15000000000000002 0.8 0.6000000000000001
0.15000000000000002 0.8 0.6500000000000001
0.15000000000000002 0.8 0.7000000000000001
0.15000000000000002 0.8 0.7500000000000001
0.15000000000000002 0.8 0.8
0.15000000000000002 0.8 0.8500000000000001
0.15000000000000002 0.8 0.9000000000000001
0.2 0.8 0.05
0.2 0.8 0.1
0.2 0.8 0.15000000000000002
0.2 0.8 0.2
0.2 0.8 0.25
0.2 0.8 0.3
0.2 0.8 0.35000000000000003
0.2 0.8 0.4
0.2 0.8 0.45
0.2 0.8 0.5
0.2 0.8 0.55
0.2 0.8 0.6000000000000001
0.2 0.8 0.6500000000000001
0.2 0.8 0.7000000000000001
0.2 0.8 0.7500000000000001
0.2 0.8 0.8
0.2 0.8 0.8500000000000001
0.2 0.8 0.9000000000000001
0.25 0.8 0.05
0.25 0.8 0.1
0.25 0.8 0.15000000000000002
0.25 0.8 0.2
0.25 0.8 0.25
0.25 0.8 0.3
0.25 0.8 0.35000000000000003
0.25 0.8 0.4
0.25 0.8 0.45
0.25 0.8 0.5
0.25 0.8 0.55
0.25 0.8 0.6000000000000001
0.25 0.8 0.6500000000000001
0.25 0.8 0.7000000000000001
0.25 0.8 0.7500000000000001
0.25 0.8 0.8
0.25 0.8 0.8500000000000001
0.25 0.8 0.9000000000000001
0.3 0.8 0.05
0.3 0.8 0.1
0.3 0.8 0.15000000000000002
0.3 0.8 0.2
0.3 0.8 0.25
0.3 0.8 0.3
0.3 0.8 0.35000000000000003
0.3 0.8 0.4
0.3 0.8 0.45
0.3 0.8 0.5
0.3 0.8 0.55
0.3 0.8 0.6000000000000001
0.3 0.8 0.6500000000000001
0.3 0.8 0.7000000000000001
0.3 0.8 0.7500000000000001
0.3 0.8 0.8
0.3 0.8 0.8500000000000001
0.3 0.8 0.9000000000000001
0.35000000000000003 0.8 0.05
0.35000000000000003 0.8 0.1
0.35000000000000003 0.8 0.15000000000000002
0.35000000000000003 0.8 0.2
0.35000000000000003 0.8 0.25
0.35000000000000003 0.8 0.3
0.35000000000000003 0.8 0.35000000000000003
0.35000000000000003 0.8 0.4
0.35000000000000003 0.8 0.45
0.35000000000000003 0.8 0.5
0.35000000000000003 0.8 0.55
0.35000000000000003 0.8 0.6000000000000001
0.35000000000000003 0.8 0.6500000000000001
0.35000000000000003 0.8 0.7000000000000001
0.35000000000000003 0.8 0.7500000000000001
0.35000000000000003 0.8 0.8
0.35000000000000003 0.8 0.8500000000000001
0.35000000000000003 0.8 0.9000000000000001
0.4 0.8 0.05
0.4 0.8 0.1
0.4 0.8 0.15000000000000002
0.4 0.8 0.2
0.4 0.8 0.25
0.4 0.8 0.3
0.4 0.8 0.35000000000000003
0.4 0.8 0.4
0.4 0.8 0.45
0.4 0.8 0.5
0.4 0.8 0.55
0.4 0.8 0.6000000000000001
0.4 0.8 0.6500000000000001
0.4 0.8 0.7000000000000001
0.4 0.8 0.7500000000000001
0.4 0.8 0.8
0.4 0.8 0.8500000000000001
0.4 0.8 0.9000000000000001
0.05 0.8500000000000001 0.05
0.05 0.8500000000000001 0.1
0.05 0.8500000000000001 0.15000000000000002
0.05 0.8500000000000001 0.2
0.05 0.8500000000000001 0.25
0.05 0.8500000000000001 0.3
0.05 0.8500000000000001 0.35000000000000003
0.05 0.8500000000000001 0.4
0.05 0.8500000000000001 0.45
0.05 0.8500000000000001 0.5
0.05 0.8500000000000001 0.55
0.05 0.8500000000000001 0.6000000000000001
0.05 0.8500000000000001 0.6500000000000001
0.05 0.8500000000000001 0.7000000000000001
0.05 0.8500000000000001 0.7500000000000001
0.05 0.8500000000000001 0.8
0.05 0.8500000000000001 0.8500000000000001
0.05 0.8500000000000001 0.9000000000000001
0.1 0.8500000000000001 0.05
0.1 0.8500000000000001 0.1
0.1 0.8500000000000001 0.15000000000000002
0.1 0.8500000000000001 0.2
0.1 0.8500000000000001 0.25
0.1 0.8500000000000001 0.3
0.1 0.8500000000000001 0.35000000000000003
0.1 0.8500000000000001 0.4
0.1 0.8500000000000001 0.45
0.1 0.8500000000000001 0.5
0.1 0.8500000000000001 0.55
0.1 0.8500000000000001 0.6000000000000001
0.1 0.8500000000000001 0.6500000000000001
0.1 0.8500000000000001 0.7000000000000001
0.1 0.8500000000000001 0.7500000000000001
0.1 0.8500000000000001 0.8
0.1 0.8500000000000001 0.8500000000000001
0.1 0.8500000000000001 0.9000000000000001
0.15000000000000002 0.8500000000000001 0.05
0.15000000000000002 0.8500000000000001 0.1
0.15000000000000002 0.8500000000000001 0.15000000000000002
0.15000000000000002 0.8500000000000001 0.2
0.15000000000000002 0.8500000000000001 0.25
0.15000000000000002 0.8500000000000001 0.3
0.15000000000000002 0.8500000000000001 0.35000000000000003
0.15000000000000002 0.8500000000000001 0.4
0.15000000000000002 0.8500000000000001 0.45
0.15000000000000002 0.8500000000000001 0.5
0.15000000000000002 0.8500000000000001 0.55
0.15000000000000002 0.8500000000000001 0.6000000000000001
0.15000000000000002 0.8500000000000001 0.6500000000000001
0.15000000000000002 0.8500000000000001 0.7000000000000001
0.15000000000000002 0.8500000000000001 0.7500000000000001
0.15000000000000002 0.8500000000000001 0.8
0.15000000000000002 0.8500000000000001 0.8500000000000001
0.15000000000000002 0.8500000000000001 0.9000000000000001
0.2 0.8500000000000001 0.05
0.2 0.8500000000000001 0.1
0.2 0.8500000000000001 0.15000000000000002
0.2 0.8500000000000001 0.2
0.2 0.8500000000000001 0.25
0.2 0.8500000000000001 0.3
0.2 0.8500000000000001 0.35000000000000003
0.2 0.8500000000000001 0.4
0.2 0.8500000000000001 0.45
0.2 0.8500000000000001 0.5
0.2 0.8500000000000001 0.55
0.2 0.8500000000000001 0.6000000000000001
0.2 0.8500000000000001 0.6500000000000001
0.2 0.8500000000000001 0.7000000000000001
0.2 0.8500000000000001 0.7500000000000001
0.2 0.8500000000000001 0.8
0.2 0.8500000000000001 0.8500000000000001
0.2 0.8500000000000001 0.9000000000000001
0.25 0.8500000000000001 0.05
0.25 0.8500000000000001 0.1
0.25 0.8500000000000001 0.15000000000000002
0.25 0.8500000000000001 0.2
0.25 0.8500000000000001 0.25
0.25 0.8500000000000001 0.3
0.25 0.8500000000000001 0.35000000000000003
0.25 0.8500000000000001 0.4
0.25 0.8500000000000001 0.45
0.25 0.8500000000000001 0.5
0.25 0.8500000000000001 0.55
0.25 0.8500000000000001 0.6000000000000001
0.25 0.8500000000000001 0.6500000000000001
0.25 0.8500000000000001 0.7000000000000001
0.25 0.8500000000000001 0.7500000000000001
0.25 0.8500000000000001 0.8
0.25 0.8500000000000001 0.8500000000000001
0.25 0.8500000000000001 0.9000000000000001
0.3 0.8500000000000001 0.05
0.3 0.8500000000000001 0.1
0.3 0.8500000000000001 0.15000000000000002
0.3 0.8500000000000001 0.2
0.3 0.8500000000000001 0.25
0.3 0.8500000000000001 0.3
0.3 0.8500000000000001 0.35000000000000003
0.3 0.8500000000000001 0.4
0.3 0.8500000000000001 0.45
0.3 0.8500000000000001 0.5
0.3 0.8500000000000001 0.55
0.3 0.8500000000000001 0.6000000000000001
0.3 0.8500000000000001 0.6500000000000001
0.3 0.8500000000000001 0.7000000000000001
0.3 0.8500000000000001 0.7500000000000001
0.3 0.8500000000000001 0.8
0.3 0.8500000000000001 0.8500000000000001
0.3 0.8500000000000001 0.9000000000000001
0.35000000000000003 0.8500000000000001 0.05
0.35000000000000003 0.8500000000000001 0.1
0.35000000000000003 0.8500000000000001 0.15000000000000002
0.35000000000000003 0.8500000000000001 0.2
0.35000000000000003 0.8500000000000001 0.25
0.35000000000000003 0.8500000000000001 0.3
0.35000000000000003 0.8500000000000001 0.35000000000000003
0.35000000000000003 0.8500000000000001 0.4
0.35000000000000003 0.8500000000000001 0.45
0.35000000000000003 0.8500000000000001 0.5
0.35000000000000003 0.8500000000000001 0.55
0.35000000000000003 0.8500000000000001 0.6000000000000001
0.35000000000000003 0.8500000000000001 0.6500000000000001
0.35000000000000003 0.8500000000000001 0.7000000000000001
0.35000000000000003 0.8500000000000001 0.7500000000000001
0.35000000000000003 0.8500000000000001 0.8
0.35000000000000003 0.8500000000000001 0.8500000000000001
0.35000000000000003 0.8500000000000001 0.9000000000000001
0.4 0.8500000000000001 0.05
0.4 0.8500000000000001 0.1
0.4 0.8500000000000001 0.15000000000000002
0.4 0.8500000000000001 0.2
0.4 0.8500000000000001 0.25
0.4 0.8500000000000001 0.3
0.4 0.8500000000000001 0.35000000000000003
0.4 0.8500000000000001 0.4
0.4 0.8500000000000001 0.45
0.4 0.8500000000000001 0.5
0.4 0.8500000000000001 0.55
0.4 0.8500000000000001 0.6000000000000001
0.4 0.8500000000000001 0.6500000000000001
0.4 0.8500000000000001 0.7000000000000001
0.4 0.8500000000000001 0.7500000000000001
0.4 0.8500000000000001 0.8
0.4 0.8500000000000001 0.8500000000000001
0.4 0.8500000000000001 0.9000000000000001
0.05 0.9000000000000001 0.05
0.05 0.9000000000000001 0.1
0.05 0.9000000000000001 0.15000000000000002
0.05 0.9000000000000001 0.2
0.05 0.9000000000000001 0.25
0.05 0.9000000000000001 0.3
0.05 0.9000000000000001 0.35000000000000003
0.05 0.9000000000000001 0.4
0.05 0.9000000000000001 0.45
0.05 0.9000000000000001 0.5
0.05 0.9000000000000001 0.55
0.05 0.9000000000000001 0.6000000000000001
0.05 0.9000000000000001 0.6500000000000001
0.05 0.9000000000000001 0.7000000000000001
0.05 0.9000000000000001 0.7500000000000001
0.05 0.9000000000000001 0.8
0.05 0.9000000000000001 0.8500000000000001
0.05 0.9000000000000001 0.9000000000000001
0.1 0.9000000000000001 0.05
0.1 0.9000000000000001 0.1
0.1 0.9000000000000001 0.15000000000000002
0.1 0.9000000000000001 0.2
0.1 0.9000000000000001 0.25
0.1 0.9000000000000001 0.3
0.1 0.9000000000000001 0.35000000000000003
0.1 0.9000000000000001 0.4
0.1 0.9000000000000001 0.45
0.1 0.9000000000000001 0.5
0.1 0.9000000000000001 0.55
0.1 0.9000000000000001 0.6000000000000001
0.1 0.9000000000000001 0.6500000000000001
0.1 0.9000000000000001 0.7000000000000001
0.1 0.9000000000000001 0.7500000000000001
0.1 0.9000000000000001 0.8
0.1 0.9000000000000001 0.8500000000000001
0.1 0.9000000000000001 0.9000000000000001
0.15000000000000002 0.9000000000000001 0.05
0.15000000000000002 0.9000000000000001 0.1
0.15000000000000002 0.9000000000000001 0.15000000000000002
0.15000000000000002 0.9000000000000001 0.2
0.15000000000000002 0.9000000000000001 0.25
0.15000000000000002 0.9000000000000001 0.3
0.15000000000000002 0.9000000000000001 0.35000000000000003
0.15000000000000002 0.9000000000000001 0.4
0.15000000000000002 0.9000000000000001 0.45
0.15000000000000002 0.9000000000000001 0.5
0.15000000000000002 0.9000000000000001 0.55
0.15000000000000002 0.9000000000000001 0.6000000000000001
0.15000000000000002 0.9000000000000001 0.6500000000000001
0.15000000000000002 0.9000000000000001 0.7000000000000001
0.15000000000000002 0.9000000000000001 0.7500000000000001
0.15000000000000002 0.9000000000000001 0.8
0.15000000000000002 0.9000000000000001 0.8500000000000001
0.15000000000000002 0.9000000000000001 0.9000000000000001
0.2 0.9000000000000001 0.05
0.2 0.9000000000000001 0.1
0.2 0.9000000000000001 0.15000000000000002
0.2 0.9000000000000001 0.2
0.2 0.9000000000000001 0.25
0.2 0.9000000000000001 0.3
0.2 0.9000000000000001 0.35000000000000003
0.2 0.9000000000000001 0.4
0.2 0.9000000000000001 0.45
0.2 0.9000000000000001 0.5
0.2 0.9000000000000001 0.55
0.2 0.9000000000000001 0.6000000000000001
0.2 0.9000000000000001 0.6500000000000001
0.2 0.9000000000000001 0.7000000000000001
0.2 0.9000000000000001 0.7500000000000001
0.2 0.9000000000000001 0.8
0.2 0.9000000000000001 0.8500000000000001
0.2 0.9000000000000001 0.9000000000000001
0.25 0.9000000000000001 0.05
0.25 0.9000000000000001 0.1
0.25 0.9000000000000001 0.15000000000000002
0.25 0.9000000000000001 0.2
0.25 0.9000000000000001 0.25
0.25 0.9000000000000001 0.3
0.25 0.9000000000000001 0.35000000000000003
0.25 0.9000000000000001 0.4
0.25 0.9000000000000001 0.45
0.25 0.9000000000000001 0.5
0.25 0.9000000000000001 0.55
0.25 0.9000000000000001 0.6000000000000001
0.25 0.9000000000000001 0.6500000000000001
0.25 0.9000000000000001 0.7000000000000001
0.25 0.9000000000000001 0.7500000000000001
0.25 0.9000000000000001 0.8
0.25 0.9000000000000001 0.8500000000000001
0.25 0.9000000000000001 0.9000000000000001
0.3 0.9000000000000001 0.05
0.3 0.9000000000000001 0.1
0.3 0.9000000000000001 0.15000000000000002
0.3 0.9000000000000001 0.2
0.3 0.9000000000000001 0.25
0.3 0.9000000000000001 0.3
0.3 0.9000000000000001 0.35000000000000003
0.3 0.9000000000000001 0.4
0.3 0.9000000000000001 0.45
0.3 0.9000000000000001 0.5
0.3 0.9000000000000001 0.55
0.3 0.9000000000000001 0.6000000000000001
0.3 0.9000000000000001 0.6500000000000001
0.3 0.9000000000000001 0.7000000000000001
0.3 0.9000000000000001 0.7500000000000001
0.3 0.9000000000000001 0.8
0.3 0.9000000000000001 0.8500000000000001
0.3 0.9000000000000001 0.9000000000000001
0.35000000000000003 0.9000000000000001 0.05
0.35000000000000003 0.9000000000000001 0.1
0.35000000000000003 0.9000000000000001 0.15000000000000002
0.35000000000000003 0.9000000000000001 0.2
0.35000000000000003 0.9000000000000001 0.25
0.35000000000000003 0.9000000000000001 0.3
0.35000000000000003 0.9000000000000001 0.35000000000000003
0.35000000000000003 0.9000000000000001 0.4
0.35000000000000003 0.9000000000000001 0.45
0.35000000000000003 0.9000000000000001 0.5
0.35000000000000003 0.9000000000000001 0.55
0.35000000000000003 0.9000000000000001 0.6000000000000001
0.35000000000000003 0.9000000000000001 0.6500000000000001
0.35000000000000003 0.9000000000000001 0.7000000000000001
0.35000000000000003 0.9000000000000001 0.7500000000000001
0.35000000000000003 0.9000000000000001 0.8
0.35000000000000003 0.9000000000000001 0.8500000000000001
0.35000000000000003 0.9000000000000001 0.9000000000000001
0.4 0.9000000000000001 0.05
0.4 0.9000000000000001 0.1
0.4 0.9000000000000001 0.15000000000000002
0.4 0.9000000000000001 0.2
0.4 0.9000000000000001 0.25
0.4 0.9000000000000001 0.3
0.4 0.9000000000000001 0.35000000000000003
0.4 0.9000000000000001 0.4
0.4 0.9000000000000001 0.45
0.4 0.9000000000000001 0.5
0.4 0.9000000000000001 0.55
0.4 0.9000000000000001 0.6000000000000001
0.4 0.9000000000000001 0.6500000000000001
0.4 0.9000000000000001 0.7000000000000001
0.4 0.9000000000000001 0.7500000000000001
0.4 0.9000000000000001 0.8
0.4 0.9000000000000001 0.8500000000000001
0.4 0.9000000000000001 0.9000000000000001
